1.619012757204036564e-06 8.646588562242113888e-08 3.477682247902955434e-08 -1.586165976407261772e-09 1.663902124797497778e-08 7.941162398550330249e-10 5.642119390245618384e-09 1.376036230888511437e-08 7.415585412613735945e-08 -5.052923473876406155e-08 1.802748828560230241e-07 1.677368918015927697e-07 1.144187813146062611e-07 -2.339573079153691141e-07 -1.458293431314687268e-07 -1.821000966278825483e-07 3.015334713463721064e-09 -8.733510924901619913e-07 -3.838706018135590707e-07 6.701393360013756253e-08
8.646588562242113888e-08 1.975028938189444090e-07 -1.031785381765176447e-09 -8.974273687132543217e-09 1.102100938676182628e-09 -1.916353464666290043e-09 -2.124456124924800936e-09 1.950594513463881363e-08 -2.793165938595974121e-09 5.640978351245524297e-10 3.035387824347807470e-08 -6.065678975494486264e-09 4.950464345666552585e-08 5.694259933119175873e-08 3.072050743870933893e-08 -2.684008788943593150e-08 -1.908047546194845402e-09 -6.218630901134393608e-08 1.988436235214080309e-07 1.212315428630161574e-07
3.477682247902955434e-08 -1.031785381765176447e-09 7.222892094707944188e-08 5.760864752362456122e-09 3.302507701318475122e-09 4.468006583661622336e-09 -8.019979150989854766e-09 7.519751070655225708e-09 -2.131543827665571318e-10 -1.154723622681035959e-08 8.028321510427520595e-09 1.523343541819456638e-09 -6.790429630275230180e-09 1.079409552541006155e-08 -2.551313346886287969e-08 -2.952221946331709755e-08 4.952529156705694522e-08 -6.539205465808867418e-08 3.998651962772627196e-08 4.366264511884165001e-07
-1.586165976407261772e-09 -8.974273687132543217e-09 5.760864752362456122e-09 6.823057707318273159e-08 4.438907104904647743e-09 1.374788364089429843e-08 -1.220170647480352367e-09 2.952452553060929600e-10 1.758279599249291541e-09 -1.486000561062756533e-09 -1.745201486062225834e-08 -2.350596793361644825e-08 -1.313058822950010251e-08 -2.213379355833101761e-09 -1.296502213132270207e-08 -5.416751038826362248e-09 -1.981961938863877941e-08 -2.610068766918760619e-08 -2.515812849971183769e-07 -5.373277838019183969e-07
1.663902124797497778e-08 1.102100938676182628e-09 3.302507701318475122e-09 4.438907104904647743e-09 5.618350922517728451e-08 1.802753536216049395e-11 7.373527742657073427e-09 -3.532612296871292497e-09 -1.757752895269636547e-08 7.875334042954696327e-10 -1.890177842084835772e-08 -1.298469636024552702e-08 -2.128997869547770653e-08 3.776262960989489309e-08 -1.216833401156009177e-09 3.932982643402488101e-10 1.685735802199633884e-08 -6.922079218024734041e-09 7.451789797376054045e-08 1.775400302770086952e-07
7.941162398550330249e-10 -1.916353464666290043e-09 4.468006583661622336e-09 1.374788364089429843e-08 1.802753536216049395e-11 7.269810645005759682e-08 -2.276853179485138128e-09 -7.809639993653295791e-09 -2.600678221305459844e-09 -1.140114623269348746e-08 -1.347243929455358067e-08 2.433972318270265682e-09 -1.478370493239984118e-08 1.043925002531089988e-08 -6.348295947841096692e-09 -4.316338902338326338e-09 -2.923928391512972647e-08 1.109213035807432373e-08 2.331457778461193598e-09 1.502103855612316033e-07
5.642119390245618384e-09 -2.124456124924800936e-09 -8.019979150989854766e-09 -1.220170647480352367e-09 7.373527742657073427e-09 -2.276853179485138128e-09 1.109190076849428839e-07 7.478537820767787301e-09 6.691621817768571460e-09 -1.090531835698500801e-08 -7.016814424332210529e-09 -1.060825108001044305e-09 -3.899039428530350723e-08 -2.417407900268519104e-08 1.564909541919671533e-08 2.049272947522667029e-08 -2.933269137503440491e-08 -1.959024878529265124e-08 -4.409986361249553263e-07 -1.403651896143847312e-07
1.376036230888511437e-08 1.950594513463881363e-08 7.519751070655225708e-09 2.952452553060929600e-10 -3.532612296871292497e-09 -7.809639993653295791e-09 7.478537820767787301e-09 1.337848126034937525e-07 9.323123225074461303e-09 1.682170860908263026e-09 -1.856556274201927314e-08 4.348047620462338789e-09 -4.615476321890645382e-10 -2.422819113301158049e-08 -1.092763433613307677e-08 -4.218306878651177624e-09 -6.178478474027437472e-08 2.333909819276415780e-08 -2.294337075453889613e-07 -5.270653087899246564e-07
7.415585412613735945e-08 -2.793165938595974121e-09 -2.131543827665571318e-10 1.758279599249291541e-09 -1.757752895269636547e-08 -2.600678221305459844e-09 6.691621817768571460e-09 9.323123225074461303e-09 1.908997396973435659e-07 -1.248185253561801403e-09 1.939085032930172340e-08 -8.980096375095339722e-09 3.885321411162622963e-08 -6.670819694529622083e-08 -4.416628169147159453e-08 -5.898400028573355549e-08 8.481254052244962287e-09 -2.141815365235807003e-07 -5.348692523425211823e-07 -1.033682900948898572e-06
-5.052923473876406155e-08 5.640978351245524297e-10 -1.154723622681035959e-08 -1.486000561062756533e-09 7.875334042954696327e-10 -1.140114623269348746e-08 -1.090531835698500801e-08 1.682170860908263026e-09 -1.248185253561801403e-09 1.534592944392784124e-07 2.400003594039108509e-09 -4.422877568655815109e-08 8.739243731076164763e-08 1.105109373315592673e-07 -8.503975136782581347e-08 -6.361268130868408079e-08 3.277020593241733335e-07 -6.582264697498009910e-08 8.872808632303527230e-07 -9.943003043101326373e-07
1.802748828560230241e-07 3.035387824347807470e-08 8.028321510427520595e-09 -1.745201486062225834e-08 -1.890177842084835772e-08 -1.347243929455358067e-08 -7.016814424332210529e-09 -1.856556274201927314e-08 1.939085032930172340e-08 2.400003594039108509e-09 4.243312698116656022e-07 4.234102824225542656e-07 2.357742637200380968e-07 -3.790368600094078655e-07 3.081425860558578679e-07 1.736177026289001962e-07 -5.783199972969091310e-08 2.561138944766728457e-07 1.584413419181179817e-06 3.110378309613657043e-06
1.677368918015927697e-07 -6.065678975494486264e-09 1.523343541819456638e-09 -2.350596793361644825e-08 -1.298469636024552702e-08 2.433972318270265682e-09 -1.060825108001044305e-09 4.348047620462338789e-09 -8.980096375095339722e-09 -4.422877568655815109e-08 4.234102824225542656e-07 1.059203486803338860e-06 2.496261555843428521e-07 -9.026372303699768960e-07 5.875626814211071275e-07 4.951610109006329333e-07 -9.846825494178351942e-07 1.850335657972454975e-06 1.845642944136079536e-06 4.254665855051010461e-06
1.144187813146062611e-07 4.950464345666552585e-08 -6.790429630275230180e-09 -1.313058822950010251e-08 -2.128997869547770653e-08 -1.478370493239984118e-08 -3.899039428530350723e-08 -4.615476321890645382e-10 3.885321411162622963e-08 8.739243731076164763e-08 2.357742637200380968e-07 2.496261555843428521e-07 4.430468993396764784e-07 -1.623856898360885330e-07 1.843777307964214697e-08 -8.072271560133984361e-08 6.537768679030383280e-08 -1.960145913737747258e-07 2.604962445835147463e-06 2.892407532811420868e-07
-2.339573079153691141e-07 5.694259933119175873e-08 1.079409552541006155e-08 -2.213379355833101761e-09 3.776262960989489309e-08 1.043925002531089988e-08 -2.417407900268519104e-08 -2.422819113301158049e-08 -6.670819694529622083e-08 1.105109373315592673e-07 -3.790368600094078655e-07 -9.026372303699768960e-07 -1.623856898360885330e-07 1.394301186648925704e-06 -3.341056711573016798e-07 -3.971585731239810091e-07 9.806851727929708428e-07 -9.756622850361589034e-07 2.196178850837127294e-06 1.279830440012198228e-06
-1.458293431314687268e-07 3.072050743870933893e-08 -2.551313346886287969e-08 -1.296502213132270207e-08 -1.216833401156009177e-09 -6.348295947841096692e-09 1.564909541919671533e-08 -1.092763433613307677e-08 -4.416628169147159453e-08 -8.503975136782581347e-08 3.081425860558578679e-07 5.875626814211071275e-07 1.843777307964214697e-08 -3.341056711573016798e-07 1.090155632233466791e-06 7.619426794616496678e-07 -1.117985533920674484e-06 2.120603013867666982e-06 5.954037580960370436e-07 3.797785081633882472e-06
-1.821000966278825483e-07 -2.684008788943593150e-08 -2.952221946331709755e-08 -5.416751038826362248e-09 3.932982643402488101e-10 -4.316338902338326338e-09 2.049272947522667029e-08 -4.218306878651177624e-09 -5.898400028573355549e-08 -6.361268130868408079e-08 1.736177026289001962e-07 4.951610109006329333e-07 -8.072271560133984361e-08 -3.971585731239810091e-07 7.619426794616496678e-07 6.730975447398646944e-07 -1.065985481530505414e-06 1.728826040053693509e-06 -1.631908589660387037e-07 2.056680064917836257e-06
3.015334713463721064e-09 -1.908047546194845402e-09 4.952529156705694522e-08 -1.981961938863877941e-08 1.685735802199633884e-08 -2.923928391512972647e-08 -2.933269137503440491e-08 -6.178478474027437472e-08 8.481254052244962287e-09 3.277020593241733335e-07 -5.783199972969091310e-08 -9.846825494178351942e-07 6.537768679030383280e-08 9.806851727929708428e-07 -1.117985533920674484e-06 -1.065985481530505414e-06 4.356660773699459527e-06 -2.789281302586544757e-06 3.708814356011601758e-06 3.159884728710253320e-06
-8.733510924901619913e-07 -6.218630901134393608e-08 -6.539205465808867418e-08 -2.610068766918760619e-08 -6.922079218024734041e-09 1.109213035807432373e-08 -1.959024878529265124e-08 2.333909819276415780e-08 -2.141815365235807003e-07 -6.582264697498009910e-08 2.561138944766728457e-07 1.850335657972454975e-06 -1.960145913737747258e-07 -9.756622850361589034e-07 2.120603013867666982e-06 1.728826040053693509e-06 -2.789281302586544757e-06 1.270728722089591531e-05 4.178368779015376213e-06 1.165747236984970091e-05
-3.838706018135590707e-07 1.988436235214080309e-07 3.998651962772627196e-08 -2.515812849971183769e-07 7.451789797376054045e-08 2.331457778461193598e-09 -4.409986361249553263e-07 -2.294337075453889613e-07 -5.348692523425211823e-07 8.872808632303527230e-07 1.584413419181179817e-06 1.845642944136079536e-06 2.604962445835147463e-06 2.196178850837127294e-06 5.954037580960370436e-07 -1.631908589660387037e-07 3.708814356011601758e-06 4.178368779015376213e-06 5.185785269942829367e-05 5.008589870088076191e-05
6.701393360013756253e-08 1.212315428630161574e-07 4.366264511884165001e-07 -5.373277838019183969e-07 1.775400302770086952e-07 1.502103855612316033e-07 -1.403651896143847312e-07 -5.270653087899246564e-07 -1.033682900948898572e-06 -9.943003043101326373e-07 3.110378309613657043e-06 4.254665855051010461e-06 2.892407532811420868e-07 1.279830440012198228e-06 3.797785081633882472e-06 2.056680064917836257e-06 3.159884728710253320e-06 1.165747236984970091e-05 5.008589870088076191e-05 1.504298903569138940e-04
