9.337827027708194592e-07 2.061022399575971587e-08 1.813945041962518344e-08 2.103356337766051326e-08 7.078597324264780690e-09 4.965676188995892015e-09 8.040921756509892934e-09 3.781771340549153911e-08 1.028563934260691936e-07 -2.820113709878115638e-09 2.013894421578194099e-07 7.974100826360808984e-08 8.423526689926888510e-08 2.311688352648206851e-11 5.554220592588605456e-08 -1.052184873084533899e-07 -2.022635538410252688e-09 6.486922075488971287e-08 8.441022819689241752e-08 1.539023809751121368e-07
2.061022399575971587e-08 2.866217415755600100e-08 3.249606480692148284e-09 2.808142401274873635e-09 3.322013334855974058e-09 2.674214784374845562e-09 5.425228178687903002e-10 7.192248115012067979e-09 4.163863428196320173e-09 6.289205062899695653e-10 1.056752779948080926e-08 1.466904863774454820e-09 3.806885764461620738e-09 2.087175849794582872e-10 1.512247748997094514e-09 -7.789191175626849488e-09 -5.888537571530596959e-10 -1.285875108638841465e-09 1.027512572857870939e-08 3.106915893858995205e-09
1.813945041962518344e-08 3.249606480692148284e-09 4.229568679152515390e-08 7.065741047518685190e-09 4.309793911508652232e-09 2.702862229065558586e-09 1.911231449189473711e-09 6.846003661891373187e-09 8.864265615550867592e-09 -3.814219462740677424e-09 9.501977305291498229e-09 6.930452951915338671e-09 -4.260455231559134165e-09 1.394068132330627024e-08 1.428490045123680945e-08 -6.759684224068411483e-09 -6.565443062048698084e-09 1.539266808229063815e-08 1.932789977836816877e-08 7.354376541046764769e-08
2.103356337766051326e-08 2.808142401274873635e-09 7.065741047518685190e-09 3.439551995256104457e-08 -8.516216731779403529e-09 4.695538422591783603e-09 -4.483220409659191682e-10 -4.654276146386206922e-09 3.680128810553978636e-09 5.376724618838211929e-09 7.946726830569821627e-09 -9.186475146276789347e-09 5.836835718714932566e-09 2.464609084064101581e-09 -1.931708147354799725e-10 -2.516488915810501847e-09 1.245697889585661363e-09 -1.896405873030836165e-08 -4.548325028816440508e-08 -1.095607538983807080e-07
7.078597324264780690e-09 3.322013334855974058e-09 4.309793911508652232e-09 -8.516216731779403529e-09 6.060162460850465919e-08 -1.072678241783561294e-08 6.709777772454735558e-09 1.242403742770530913e-08 1.207182006320954396e-09 4.419959053450848017e-09 1.613158993680033414e-08 2.739309067714396402e-08 6.249114517268848157e-09 -8.333063101010378291e-10 2.687783482332747380e-08 -7.975692026435780004e-09 -1.065788154598044949e-08 4.332766287449089738e-08 1.731638408220883596e-07 2.773144748803908680e-07
4.965676188995892015e-09 2.674214784374845562e-09 2.702862229065558586e-09 4.695538422591783603e-09 -1.072678241783561294e-08 6.049991804571074125e-08 -7.264161714401025859e-09 -1.097488000038074178e-09 6.829364267611443475e-09 -1.221637017272789711e-08 -2.759497122593965016e-08 -9.985524002965486853e-09 -9.439162790487606555e-09 -7.234326540634814458e-09 -8.548761919362208209e-09 -8.179511011929240546e-09 2.793833328647822333e-10 3.128385610946366043e-09 -8.372522416882196026e-08 -1.210079437415673388e-07
8.040921756509892934e-09 5.425228178687903002e-10 1.911231449189473711e-09 -4.483220409659191682e-10 6.709777772454735558e-09 -7.264161714401025859e-09 1.074429559940860066e-07 7.700735096514200217e-09 -6.677993375077165461e-09 -2.396620591272333633e-10 5.230501301709210416e-09 1.613672312992057553e-08 -7.793216714403032898e-09 1.754105867028603976e-08 1.397336991699639528e-08 6.931179402295089807e-09 -2.764950392785849520e-09 1.782522469871398524e-08 3.898859850041265591e-08 1.178846925438612944e-07
3.781771340549153911e-08 7.192248115012067979e-09 6.846003661891373187e-09 -4.654276146386206922e-09 1.242403742770530913e-08 -1.097488000038074178e-09 7.700735096514200217e-09 1.344889318705860966e-07 6.776184870268739033e-09 -2.029229373486248642e-08 -2.257705491757800597e-09 1.699010760803797192e-08 8.714069221740197465e-09 -2.151676471764073777e-08 9.108967103273939645e-09 -2.159635538229276077e-08 -6.306927792373871185e-09 8.167228090183069983e-08 2.128291352168720588e-07 3.760250792623623169e-07
1.028563934260691936e-07 4.163863428196320173e-09 8.864265615550867592e-09 3.680128810553978636e-09 1.207182006320954396e-09 6.829364267611443475e-09 -6.677993375077165461e-09 6.776184870268739033e-09 2.121333889815284276e-07 7.074139894441054067e-08 5.946414743417889079e-08 2.828015213060622823e-08 6.528887950165063840e-08 8.395653510520006862e-09 7.067219800555394480e-08 1.418513999161650721e-08 4.444722635199743215e-09 -9.919139190776907103e-09 -3.534319685872916582e-08 -1.437931044557063223e-07
-2.820113709878115638e-09 6.289205062899695653e-10 -3.814219462740677424e-09 5.376724618838211929e-09 4.419959053450848017e-09 -1.221637017272789711e-08 -2.396620591272333633e-10 -2.029229373486248642e-08 7.074139894441054067e-08 5.029695742360274776e-07 -6.358985551314416885e-09 1.511504381261872900e-07 9.966769585528187843e-08 1.100947074229186306e-07 2.217326614492992091e-07 3.177374379754006898e-07 5.133806517906753331e-08 -7.382433847844717738e-08 7.341674777175389693e-08 -9.753796797212586560e-08
2.013894421578194099e-07 1.056752779948080926e-08 9.501977305291498229e-09 7.946726830569821627e-09 1.613158993680033414e-08 -2.759497122593965016e-08 5.230501301709210416e-09 -2.257705491757800597e-09 5.946414743417889079e-08 -6.358985551314416885e-09 4.316581631044221113e-07 -2.593581344804335624e-08 1.927505300177714054e-07 4.297368771700799765e-08 1.924139715848811063e-08 -1.168384602798077039e-07 4.934784101546746534e-09 -2.526016591888374341e-08 1.482467199514499846e-07 1.266124596156247834e-07
7.974100826360808984e-08 1.466904863774454820e-09 6.930452951915338671e-09 -9.186475146276789347e-09 2.739309067714396402e-08 -9.985524002965486853e-09 1.613672312992057553e-08 1.699010760803797192e-08 2.828015213060622823e-08 1.511504381261872900e-07 -2.593581344804335624e-08 2.287471977903387061e-07 -5.131251677622403907e-08 7.286062932901266089e-08 1.270901319418264762e-07 1.277639879683486961e-07 1.360991229151987765e-08 6.063439033357569370e-08 2.503221238333828584e-07 4.958267187936911727e-07
8.423526689926888510e-08 3.806885764461620738e-09 -4.260455231559134165e-09 5.836835718714932566e-09 6.249114517268848157e-09 -9.439162790487606555e-09 -7.793216714403032898e-09 8.714069221740197465e-09 6.528887950165063840e-08 9.966769585528187843e-08 1.927505300177714054e-07 -5.131251677622403907e-08 2.196828793861700832e-07 -5.765814585172939664e-08 2.606730350005726759e-08 -1.260366452935409767e-08 2.852841559795673407e-08 6.789613708883910709e-09 1.807721622129115824e-07 5.387425343293037244e-08
2.311688352648206851e-11 2.087175849794582872e-10 1.394068132330627024e-08 2.464609084064101581e-09 -8.333063101010378291e-10 -7.234326540634814458e-09 1.754105867028603976e-08 -2.151676471764073777e-08 8.395653510520006862e-09 1.100947074229186306e-07 4.297368771700799765e-08 7.286062932901266089e-08 -5.765814585172939664e-08 1.971347913101326244e-07 1.398272476525652681e-07 1.191577480290458712e-07 -2.523279590615071104e-08 -4.547602420869888359e-08 -3.322671396332495552e-07 -1.988258984896262407e-07
5.554220592588605456e-08 1.512247748997094514e-09 1.428490045123680945e-08 -1.931708147354799725e-10 2.687783482332747380e-08 -8.548761919362208209e-09 1.397336991699639528e-08 9.108967103273939645e-09 7.067219800555394480e-08 2.217326614492992091e-07 1.924139715848811063e-08 1.270901319418264762e-07 2.606730350005726759e-08 1.398272476525652681e-07 2.825709169806869734e-07 1.641177274096844288e-07 -6.424622129539608255e-08 2.730646622770159663e-08 1.355028407457718734e-07 2.759380957874187613e-07
-1.052184873084533899e-07 -7.789191175626849488e-09 -6.759684224068411483e-09 -2.516488915810501847e-09 -7.975692026435780004e-09 -8.179511011929240546e-09 6.931179402295089807e-09 -2.159635538229276077e-08 1.418513999161650721e-08 3.177374379754006898e-07 -1.168384602798077039e-07 1.277639879683486961e-07 -1.260366452935409767e-08 1.191577480290458712e-07 1.641177274096844288e-07 3.310125446748883381e-07 2.237804004709763562e-08 -5.742285598542461886e-08 -8.840266915742359243e-08 -9.184921730471634122e-08
-2.022635538410252688e-09 -5.888537571530596959e-10 -6.565443062048698084e-09 1.245697889585661363e-09 -1.065788154598044949e-08 2.793833328647822333e-10 -2.764950392785849520e-09 -6.306927792373871185e-09 4.444722635199743215e-09 5.133806517906753331e-08 4.934784101546746534e-09 1.360991229151987765e-08 2.852841559795673407e-08 -2.523279590615071104e-08 -6.424622129539608255e-08 2.237804004709763562e-08 1.084045484292031866e-07 -1.923254611322992023e-08 1.472643347064866546e-08 -5.167492604133635999e-08
6.486922075488971287e-08 -1.285875108638841465e-09 1.539266808229063815e-08 -1.896405873030836165e-08 4.332766287449089738e-08 3.128385610946366043e-09 1.782522469871398524e-08 8.167228090183069983e-08 -9.919139190776907103e-09 -7.382433847844717738e-08 -2.526016591888374341e-08 6.063439033357569370e-08 6.789613708883910709e-09 -4.547602420869888359e-08 2.730646622770159663e-08 -5.742285598542461886e-08 -1.923254611322992023e-08 2.642347203432746074e-07 5.033158403082886333e-07 1.047628743998243480e-06
8.441022819689241752e-08 1.027512572857870939e-08 1.932789977836816877e-08 -4.548325028816440508e-08 1.731638408220883596e-07 -8.372522416882196026e-08 3.898859850041265591e-08 2.128291352168720588e-07 -3.534319685872916582e-08 7.341674777175389693e-08 1.482467199514499846e-07 2.503221238333828584e-07 1.807721622129115824e-07 -3.322671396332495552e-07 1.355028407457718734e-07 -8.840266915742359243e-08 1.472643347064866546e-08 5.033158403082886333e-07 4.174171406325411026e-06 5.007048154633115266e-06
1.539023809751121368e-07 3.106915893858995205e-09 7.354376541046764769e-08 -1.095607538983807080e-07 2.773144748803908680e-07 -1.210079437415673388e-07 1.178846925438612944e-07 3.760250792623623169e-07 -1.437931044557063223e-07 -9.753796797212586560e-08 1.266124596156247834e-07 4.958267187936911727e-07 5.387425343293037244e-08 -1.988258984896262407e-07 2.759380957874187613e-07 -9.184921730471634122e-08 -5.167492604133635999e-08 1.047628743998243480e-06 5.007048154633115266e-06 9.544758668227409782e-06
