3.126474264162467245e-07 2.987928159058582718e-08 1.116229165442267214e-08 1.021564498352048891e-08 -5.080090782167374651e-09 7.431022143669701865e-09 2.286256714880607097e-09 3.207408620341268009e-08 9.708673580433260620e-08 -2.451667001460820595e-08 1.750710929972363826e-08 -3.961655196713566373e-08 -3.458107571402336141e-09 1.551663343048347915e-07 7.412102036969873866e-08 -3.524435407508432388e-08 -1.353212811713385639e-08 1.367093847422713831e-07 5.165287999173550036e-08 3.608090329091138932e-07
2.987928159058582718e-08 6.720274483222672607e-08 3.047394470578286947e-09 -8.157626719716067932e-10 1.080042631348725202e-08 1.007736852831547086e-08 -1.720321308682937546e-09 3.527913371278008511e-08 1.319936612443632531e-08 -1.110370929866541325e-08 2.681104635804860638e-09 -2.653932264181723381e-09 1.117253823349981414e-08 3.509187499788890672e-08 6.227246634942146554e-09 1.263024790459172181e-08 -1.882922600420931233e-08 1.586846597170336541e-08 2.404446126039554840e-08 6.652807266809073386e-08
1.116229165442267214e-08 3.047394470578286947e-09 6.597535882736776230e-08 7.224384887236790233e-09 4.485470306007826348e-09 8.462351771028508173e-09 -1.306162910838895044e-08 4.961940674695827220e-09 -1.701501516921005330e-08 2.389892132729203107e-08 3.192849400326558836e-08 -8.104916645425229165e-09 1.124794997285837585e-08 4.328711567010056538e-08 -2.636315493154054959e-08 1.722910021163810743e-08 1.400953855109921652e-07 1.328903795615144983e-08 2.201091021841575907e-07 4.810707918127775218e-07
1.021564498352048891e-08 -8.157626719716067932e-10 7.224384887236790233e-09 6.063661308154072648e-08 -3.600277601279333624e-09 1.774976171994733748e-09 8.920017297168152490e-09 -5.261752239246712261e-09 -1.275276018369619876e-08 1.468119140050205094e-09 -2.019494464547318419e-08 -1.628530145369919394e-09 -3.161154175134202273e-09 1.295431671597805871e-08 -6.818697129766482232e-09 5.334466149529828573e-09 1.699437046657632854e-08 2.867983950102632221e-08 1.631251205252870373e-08 1.362242008602298532e-07
-5.080090782167374651e-09 1.080042631348725202e-08 4.485470306007826348e-09 -3.600277601279333624e-09 7.112467792473834981e-08 1.758461301780437763e-09 4.685862668455259533e-09 -1.382539891851640938e-08 3.702528490654699525e-09 1.393786419340805727e-08 8.612384773550623501e-09 -2.090388924302104744e-09 2.856473235521322763e-08 7.105423949482385190e-08 2.575958445233487388e-08 2.430670626563824028e-08 6.833367205793433678e-08 4.164220696156668046e-08 1.980242554041332087e-07 4.485023844244959000e-07
7.431022143669701865e-09 1.007736852831547086e-08 8.462351771028508173e-09 1.774976171994733748e-09 1.758461301780437763e-09 6.762879116477894323e-08 1.151852915224160121e-09 1.138616479912259110e-08 -2.151860213749971645e-08 9.029353261024522843e-09 1.253419974353204144e-08 -7.366668777715772690e-09 -8.663829630362429661e-09 4.324685285011944519e-08 1.516914914717206017e-08 3.166781870939144838e-09 6.144071013864049423e-08 4.600729699287198780e-08 2.105463883566262978e-07 6.305059310710778789e-07
2.286256714880607097e-09 -1.720321308682937546e-09 -1.306162910838895044e-08 8.920017297168152490e-09 4.685862668455259533e-09 1.151852915224160121e-09 1.610699491106460868e-07 6.859981714713429493e-09 -4.364968087231753024e-08 5.793038090622436098e-09 1.347769891236457333e-08 -8.640024847160377058e-09 -1.967260168788205280e-08 -2.398702800808794437e-08 1.660303315627312567e-08 -1.168038946994384100e-08 -3.864962141605702201e-09 -1.131450572509293780e-08 9.561363319972910227e-08 2.138757575239372794e-07
3.207408620341268009e-08 3.527913371278008511e-08 4.961940674695827220e-09 -5.261752239246712261e-09 -1.382539891851640938e-08 1.138616479912259110e-08 6.859981714713429493e-09 6.834507190464564316e-07 6.733650300683687915e-08 8.240829905495287893e-09 2.521944048186066585e-08 -6.388120528737124400e-08 -6.301816385306587117e-08 5.344668277871341374e-08 5.491363380597194324e-08 -4.151131963786337487e-08 1.266324921004814307e-07 5.233781190564894856e-08 4.134531670731283647e-07 1.377153424868917261e-06
9.708673580433260620e-08 1.319936612443632531e-08 -1.701501516921005330e-08 -1.275276018369619876e-08 3.702528490654699525e-09 -2.151860213749971645e-08 -4.364968087231753024e-08 6.733650300683687915e-08 5.599933079324941304e-07 -1.079747229716589262e-07 -8.341724730577078868e-08 -6.936375019227546456e-08 8.830943404799394514e-08 3.579210208561900210e-07 3.754185922729988617e-08 2.013738713642690029e-07 -1.543049868903978907e-07 1.863449955995734897e-07 3.085490631763101950e-08 1.553519759517394171e-07
-2.451667001460820595e-08 -1.110370929866541325e-08 2.389892132729203107e-08 1.468119140050205094e-09 1.393786419340805727e-08 9.029353261024522843e-09 5.793038090622436098e-09 8.240829905495287893e-09 -1.079747229716589262e-07 2.117412039674261457e-07 6.504288323135485483e-08 8.709515930465163315e-08 -5.193487812634700353e-08 -2.620115141786190665e-07 -1.209420506890196604e-07 -1.536032075707363375e-08 3.815362207017344110e-07 6.652345646477393404e-09 5.542781084657535895e-07 1.147162919005781699e-06
1.750710929972363826e-08 2.681104635804860638e-09 3.192849400326558836e-08 -2.019494464547318419e-08 8.612384773550623501e-09 1.253419974353204144e-08 1.347769891236457333e-08 2.521944048186066585e-08 -8.341724730577078868e-08 6.504288323135485483e-08 4.734003850722566328e-07 1.014911230078100953e-07 1.655902742183326522e-08 3.886990512693853078e-08 6.165246102209328591e-08 -1.684235557631993969e-07 -1.416387385037265674e-07 -1.125401838179513442e-07 4.400474137933005244e-07 -4.206026609996332997e-07
-3.961655196713566373e-08 -2.653932264181723381e-09 -8.104916645425229165e-09 -1.628530145369919394e-09 -2.090388924302104744e-09 -7.366668777715772690e-09 -8.640024847160377058e-09 -6.388120528737124400e-08 -6.936375019227546456e-08 8.709515930465163315e-08 1.014911230078100953e-07 1.892474392766691556e-07 4.959791099486119661e-08 -3.165856780769535752e-07 -9.568364363257778440e-08 -7.628197850670569102e-08 -5.068831003718758184e-08 -1.255362756681122570e-07 -3.742846785333097472e-07 -1.909416965854835719e-06
-3.458107571402336141e-09 1.117253823349981414e-08 1.124794997285837585e-08 -3.161154175134202273e-09 2.856473235521322763e-08 -8.663829630362429661e-09 -1.967260168788205280e-08 -6.301816385306587117e-08 8.830943404799394514e-08 -5.193487812634700353e-08 1.655902742183326522e-08 4.959791099486119661e-08 4.131167526670755100e-07 3.286176363302291763e-07 8.603619048033438952e-08 1.081663458495042698e-07 4.345839153702790020e-07 -6.343581553289683281e-08 -7.042310558110064546e-08 -1.381776809103316521e-06
1.551663343048347915e-07 3.509187499788890672e-08 4.328711567010056538e-08 1.295431671597805871e-08 7.105423949482385190e-08 4.324685285011944519e-08 -2.398702800808794437e-08 5.344668277871341374e-08 3.579210208561900210e-07 -2.620115141786190665e-07 3.886990512693853078e-08 -3.165856780769535752e-07 3.286176363302291763e-07 1.920965145930438580e-06 7.930759433818862392e-07 4.724375576235233784e-08 8.776794347696469781e-07 9.235188718287826509e-07 2.512752180276812979e-06 7.471406647741337871e-06
7.412102036969873866e-08 6.227246634942146554e-09 -2.636315493154054959e-08 -6.818697129766482232e-09 2.575958445233487388e-08 1.516914914717206017e-08 1.660303315627312567e-08 5.491363380597194324e-08 3.754185922729988617e-08 -1.209420506890196604e-07 6.165246102209328591e-08 -9.568364363257778440e-08 8.603619048033438952e-08 7.930759433818862392e-07 8.179121912243753253e-07 -3.621994879129322621e-07 1.459547908647092724e-07 5.550478190314123360e-07 1.018005548080496974e-06 3.348506766955809745e-06
-3.524435407508432388e-08 1.263024790459172181e-08 1.722910021163810743e-08 5.334466149529828573e-09 2.430670626563824028e-08 3.166781870939144838e-09 -1.168038946994384100e-08 -4.151131963786337487e-08 2.013738713642690029e-07 -1.536032075707363375e-08 -1.684235557631993969e-07 -7.628197850670569102e-08 1.081663458495042698e-07 4.724375576235233784e-08 -3.621994879129322621e-07 6.631947107950203967e-07 -1.875211145184571065e-07 -8.038680587196897302e-08 3.913060486465376932e-07 6.821412268914523536e-07
-1.353212811713385639e-08 -1.882922600420931233e-08 1.400953855109921652e-07 1.699437046657632854e-08 6.833367205793433678e-08 6.144071013864049423e-08 -3.864962141605702201e-09 1.266324921004814307e-07 -1.543049868903978907e-07 3.815362207017344110e-07 -1.416387385037265674e-07 -5.068831003718758184e-08 4.345839153702790020e-07 8.776794347696469781e-07 1.459547908647092724e-07 -1.875211145184571065e-07 5.122560347030024069e-06 8.831302564179585839e-07 5.003060296236896033e-06 1.225277970197779427e-05
1.367093847422713831e-07 1.586846597170336541e-08 1.328903795615144983e-08 2.867983950102632221e-08 4.164220696156668046e-08 4.600729699287198780e-08 -1.131450572509293780e-08 5.233781190564894856e-08 1.863449955995734897e-07 6.652345646477393404e-09 -1.125401838179513442e-07 -1.255362756681122570e-07 -6.343581553289683281e-08 9.235188718287826509e-07 5.550478190314123360e-07 -8.038680587196897302e-08 8.831302564179585839e-07 1.254996804281272644e-06 2.642036354862774017e-06 8.721842748287640247e-06
5.165287999173550036e-08 2.404446126039554840e-08 2.201091021841575907e-07 1.631251205252870373e-08 1.980242554041332087e-07 2.105463883566262978e-07 9.561363319972910227e-08 4.134531670731283647e-07 3.085490631763101950e-08 5.542781084657535895e-07 4.400474137933005244e-07 -3.742846785333097472e-07 -7.042310558110064546e-08 2.512752180276812979e-06 1.018005548080496974e-06 3.913060486465376932e-07 5.003060296236896033e-06 2.642036354862774017e-06 1.351138088306980582e-05 3.445582071160016260e-05
3.608090329091138932e-07 6.652807266809073386e-08 4.810707918127775218e-07 1.362242008602298532e-07 4.485023844244959000e-07 6.305059310710778789e-07 2.138757575239372794e-07 1.377153424868917261e-06 1.553519759517394171e-07 1.147162919005781699e-06 -4.206026609996332997e-07 -1.909416965854835719e-06 -1.381776809103316521e-06 7.471406647741337871e-06 3.348506766955809745e-06 6.821412268914523536e-07 1.225277970197779427e-05 8.721842748287640247e-06 3.445582071160016260e-05 1.223797631711375747e-04
