4.797588542494401663e-07 3.726048808056074197e-08 -6.067177775795121413e-09 1.190433848867246358e-08 6.182231028232338915e-09 1.111093270059808244e-08 -1.738496907079878348e-09 -3.379121500515998443e-09 -2.220210066677216792e-08 1.355978637867119429e-08 -2.346738834746688330e-08 -4.104397413234855898e-08 -5.495038830739473204e-08 -7.817298777756241555e-08 8.700940626875240923e-08 -2.903604993625601489e-08 -3.851639366608920307e-07 -1.846187358226059847e-07 1.074735165540763368e-07 1.543317638679296958e-07
3.726048808056074197e-08 8.005619605967673546e-08 -2.199854491385079145e-09 -2.958564873788612677e-09 -9.210654248529630568e-09 1.036254876199091187e-08 -7.332071674177611255e-10 -1.781541991127572664e-08 -7.083867458935563018e-09 -1.369303583746719755e-08 3.102886585690309737e-09 -4.784815138782777556e-09 -2.238868247191048417e-08 -6.073063335656032750e-08 3.651466491385599701e-08 -3.656412721215910740e-09 -1.483920213288056100e-07 -6.677845963920028617e-08 -5.610677509692174349e-08 -1.226046800216816965e-07
-6.067177775795121413e-09 -2.199854491385079145e-09 1.922158706615206190e-07 8.215354197406907751e-09 2.473426579507723015e-08 7.443546964863426308e-09 -6.754897167522737083e-09 -3.946257862613073025e-09 3.742383830978063439e-08 -7.117964116880051173e-09 -2.520931744355995595e-08 -4.250878437535460639e-09 1.091407796139196302e-09 1.061571024255349813e-07 -4.381846880180044089e-08 5.354829431522664507e-09 2.473732627752624147e-07 1.650798748385752300e-07 1.928132032697341904e-07 4.040417752567403353e-07
1.190433848867246358e-08 -2.958564873788612677e-09 8.215354197406907751e-09 1.084774763192593757e-07 -7.682053380833787843e-09 4.377305207917703106e-09 -2.121427627963298125e-08 1.437239381657965190e-08 1.546478215626635873e-08 -6.477671150803375370e-10 -7.320645112340921008e-09 9.805105948502671381e-09 -3.201105900119472361e-08 6.603051575995337278e-08 -4.517564994221639298e-08 -5.518431738593738194e-09 5.728622644710781044e-08 -1.733232564610985564e-07 5.004810496636535029e-08 -5.337549603021650324e-08
6.182231028232338915e-09 -9.210654248529630568e-09 2.473426579507723015e-08 -7.682053380833787843e-09 1.764082132082209268e-07 8.417088542198801212e-09 7.593819011574085083e-09 7.662376485973308395e-09 2.076769901401415126e-08 5.676174489720479994e-08 -3.927218218192361981e-08 4.513956463124141668e-08 -1.731368572818928366e-09 5.477900810009126247e-08 2.760453931051281219e-08 -3.359885403285228709e-08 -1.529845578535910444e-07 -3.849085728515217372e-08 2.966706937479301932e-07 1.351888423314750575e-07
1.111093270059808244e-08 1.036254876199091187e-08 7.443546964863426308e-09 4.377305207917703106e-09 8.417088542198801212e-09 1.303181189093931479e-07 -5.258443994777306437e-09 -4.382517585996078253e-09 6.959694814368120067e-09 -2.686717681312795363e-08 -8.263860832422471438e-09 9.854148820320803028e-09 -3.008236311522890387e-08 2.400937498902464723e-08 -5.607277386304640854e-08 -5.408725757190657164e-09 1.001862500733234615e-07 1.099640118191846229e-08 3.398474070947902459e-08 1.809967662134710310e-07
-1.738496907079878348e-09 -7.332071674177611255e-10 -6.754897167522737083e-09 -2.121427627963298125e-08 7.593819011574085083e-09 -5.258443994777306437e-09 1.138470087039154046e-07 -8.787162109403137667e-09 -5.578059050239043798e-09 3.048406265779549351e-08 -2.051204531690556153e-08 2.537055762712169778e-09 2.265732546667055239e-08 -8.400195111763198608e-08 6.588537505629301007e-08 -3.022474728140053358e-09 -5.268654573726383444e-08 2.461896692332045551e-07 1.155009786143257023e-07 2.736177493923193219e-07
-3.379121500515998443e-09 -1.781541991127572664e-08 -3.946257862613073025e-09 1.437239381657965190e-08 7.662376485973308395e-09 -4.382517585996078253e-09 -8.787162109403137667e-09 1.588602418872671001e-07 6.588062027576880524e-09 -4.809343495085289412e-08 2.644919650122726693e-08 -1.075519691552492039e-08 -7.004405037871397560e-09 1.751074728411352289e-09 -5.888378044659777311e-08 5.421441157336214602e-09 1.015438836640933637e-07 -1.653060746470012878e-07 -2.367531680597568276e-07 -3.493362956342012387e-07
-2.220210066677216792e-08 -7.083867458935563018e-09 3.742383830978063439e-08 1.546478215626635873e-08 2.076769901401415126e-08 6.959694814368120067e-09 -5.578059050239043798e-09 6.588062027576880524e-09 1.940748392700255215e-07 3.977676488970419435e-08 -2.999187728656916228e-09 -2.954909325957591216e-08 3.553660312106168605e-08 1.853580587658402168e-07 8.037004742265264175e-09 3.283214778322270914e-08 2.435338475673118999e-07 -1.080343119338973833e-07 1.168920135664541235e-07 2.387235254335761991e-08
1.355978637867119429e-08 -1.369303583746719755e-08 -7.117964116880051173e-09 -6.477671150803375370e-10 5.676174489720479994e-08 -2.686717681312795363e-08 3.048406265779549351e-08 -4.809343495085289412e-08 3.977676488970419435e-08 5.516331213068352657e-07 -4.482850590163663004e-08 -7.329387032922026539e-08 2.475859162706376847e-07 2.271829087223046862e-07 3.523219576410830001e-07 4.427260972203324448e-09 -5.526366711652561793e-07 3.699497268512823124e-07 9.800548522217552002e-07 1.034882646389851337e-06
-2.346738834746688330e-08 3.102886585690309737e-09 -2.520931744355995595e-08 -7.320645112340921008e-09 -3.927218218192361981e-08 -8.263860832422471438e-09 -2.051204531690556153e-08 2.644919650122726693e-08 -2.999187728656916228e-09 -4.482850590163663004e-08 1.299589570295521412e-07 -1.019462735655084210e-07 1.015547900485928022e-07 1.837199191777421189e-08 1.987074871172823725e-08 7.832369730849931874e-08 1.065080829195266818e-07 -3.541474689920594453e-07 -7.945367010716610157e-07 -1.225218494044615871e-06
-4.104397413234855898e-08 -4.784815138782777556e-09 -4.250878437535460639e-09 9.805105948502671381e-09 4.513956463124141668e-08 9.854148820320803028e-09 2.537055762712169778e-09 -1.075519691552492039e-08 -2.954909325957591216e-08 -7.329387032922026539e-08 -1.019462735655084210e-07 5.799816018874397211e-07 -2.883421192725264024e-07 4.350382054561912097e-09 -2.108913141250436026e-08 -2.494616847258441178e-08 -2.895069212969563089e-07 1.626164835470466835e-07 2.492459031458386912e-07 -1.374909744135768945e-07
-5.495038830739473204e-08 -2.238868247191048417e-08 1.091407796139196302e-09 -3.201105900119472361e-08 -1.731368572818928366e-09 -3.008236311522890387e-08 2.265732546667055239e-08 -7.004405037871397560e-09 3.553660312106168605e-08 2.475859162706376847e-07 1.015547900485928022e-07 -2.883421192725264024e-07 4.692861847356407197e-07 2.019687395684596197e-07 3.475340685718010546e-07 1.021715023179677544e-07 -4.255762429657963530e-08 2.315615444783513810e-07 -1.255659300302801690e-07 -5.465577471459625423e-07
-7.817298777756241555e-08 -6.073063335656032750e-08 1.061571024255349813e-07 6.603051575995337278e-08 5.477900810009126247e-08 2.400937498902464723e-08 -8.400195111763198608e-08 1.751074728411352289e-09 1.853580587658402168e-07 2.271829087223046862e-07 1.837199191777421189e-08 4.350382054561912097e-09 2.019687395684596197e-07 2.039633254282600319e-06 9.095410753852229203e-08 2.615547656942487273e-07 1.236388638510827788e-06 -2.508458837062096376e-08 1.063727060467483187e-06 2.245532313105669627e-06
8.700940626875240923e-08 3.651466491385599701e-08 -4.381846880180044089e-08 -4.517564994221639298e-08 2.760453931051281219e-08 -5.607277386304640854e-08 6.588537505629301007e-08 -5.888378044659777311e-08 8.037004742265264175e-09 3.523219576410830001e-07 1.987074871172823725e-08 -2.108913141250436026e-08 3.475340685718010546e-07 9.095410753852229203e-08 1.401411031322037408e-06 3.656528029096496942e-07 -1.076652031508292141e-06 1.749807416862980268e-07 6.716505399357449367e-07 -9.922563570154696929e-08
-2.903604993625601489e-08 -3.656412721215910740e-09 5.354829431522664507e-09 -5.518431738593738194e-09 -3.359885403285228709e-08 -5.408725757190657164e-09 -3.022474728140053358e-09 5.421441157336214602e-09 3.283214778322270914e-08 4.427260972203324448e-09 7.832369730849931874e-08 -2.494616847258441178e-08 1.021715023179677544e-07 2.615547656942487273e-07 3.656528029096496942e-07 2.845769280802906746e-07 5.260664045505189297e-07 3.786879142373663208e-08 -6.610612538632271424e-08 8.532463185313857536e-08
-3.851639366608920307e-07 -1.483920213288056100e-07 2.473732627752624147e-07 5.728622644710781044e-08 -1.529845578535910444e-07 1.001862500733234615e-07 -5.268654573726383444e-08 1.015438836640933637e-07 2.435338475673118999e-07 -5.526366711652561793e-07 1.065080829195266818e-07 -2.895069212969563089e-07 -4.255762429657963530e-08 1.236388638510827788e-06 -1.076652031508292141e-06 5.260664045505189297e-07 5.869379930130044032e-06 9.418801727617175680e-07 -4.870819547421824830e-07 2.793974838618779853e-06
-1.846187358226059847e-07 -6.677845963920028617e-08 1.650798748385752300e-07 -1.733232564610985564e-07 -3.849085728515217372e-08 1.099640118191846229e-08 2.461896692332045551e-07 -1.653060746470012878e-07 -1.080343119338973833e-07 3.699497268512823124e-07 -3.541474689920594453e-07 1.626164835470466835e-07 2.315615444783513810e-07 -2.508458837062096376e-08 1.749807416862980268e-07 3.786879142373663208e-08 9.418801727617175680e-07 7.459347097982890202e-06 3.742010885762175826e-06 9.945384729313517047e-06
1.074735165540763368e-07 -5.610677509692174349e-08 1.928132032697341904e-07 5.004810496636535029e-08 2.966706937479301932e-07 3.398474070947902459e-08 1.155009786143257023e-07 -2.367531680597568276e-07 1.168920135664541235e-07 9.800548522217552002e-07 -7.945367010716610157e-07 2.492459031458386912e-07 -1.255659300302801690e-07 1.063727060467483187e-06 6.716505399357449367e-07 -6.610612538632271424e-08 -4.870819547421824830e-07 3.742010885762175826e-06 8.379409525414697498e-06 1.366562349388816536e-05
1.543317638679296958e-07 -1.226046800216816965e-07 4.040417752567403353e-07 -5.337549603021650324e-08 1.351888423314750575e-07 1.809967662134710310e-07 2.736177493923193219e-07 -3.493362956342012387e-07 2.387235254335761991e-08 1.034882646389851337e-06 -1.225218494044615871e-06 -1.374909744135768945e-07 -5.465577471459625423e-07 2.245532313105669627e-06 -9.922563570154696929e-08 8.532463185313857536e-08 2.793974838618779853e-06 9.945384729313517047e-06 1.366562349388816536e-05 3.833821499466447781e-05
