1.069123380054373890e-07 1.655627875716236093e-10 -3.907930287194235226e-09 4.113045802161457562e-09 3.158257110884549268e-09 4.038342485042338972e-09 5.832178868421559218e-09 -9.603619920081801987e-09 1.286000843234832892e-08 2.194080491532064234e-08 1.602387770035293561e-08 6.576292494660815720e-09 2.397835034049541738e-09 -1.958951862000291214e-08 2.013339304102482176e-08 -5.301796165538639140e-10 -2.830109403669925088e-08 2.141152931984974374e-09 -7.716603381195325461e-08 1.263153715289926680e-07
1.655627875716236093e-10 7.432366436746292661e-08 -5.449873121642515752e-09 1.931034595131730990e-09 2.249685698767265749e-09 -1.766396939835866312e-09 -9.816637721931623382e-09 7.378906581653982971e-09 -1.412864818375164558e-08 3.857191248280089985e-08 2.473782978414849464e-08 -8.517131291190910220e-09 5.860556928805905114e-08 -9.181788774330590042e-09 2.939606204479819340e-08 2.743365541101182323e-09 8.899281107443374569e-08 -8.501792294122391987e-08 1.418475881434921740e-07 -3.886693591265582662e-07
-3.907930287194235226e-09 -5.449873121642515752e-09 7.976986340529492711e-08 7.028950441554143026e-09 5.307609895138488320e-09 1.489482574937676101e-08 -1.127136254872231059e-09 -6.079036417769568592e-09 1.007933490698338928e-08 1.450133232779786803e-08 1.439282868609848888e-08 -1.706054691863560292e-09 2.249687176635299099e-08 1.471477312882628668e-09 8.962703367627709692e-09 -5.325913571963901564e-09 -2.220416048147488458e-08 2.591718597412527044e-08 1.956674725889144260e-08 -1.280195384194100306e-08
4.113045802161457562e-09 1.931034595131730990e-09 7.028950441554143026e-09 8.244167191998077694e-08 5.869358426360444101e-09 -2.982643708122333960e-10 7.715329542931351167e-09 7.742303420779215270e-09 3.657269551817331096e-09 -1.244778660940800015e-09 4.031343830777850620e-08 6.299750229711435847e-09 1.994500710291544592e-08 -4.612356907227498034e-08 2.825258760193250815e-08 2.530419001601140804e-08 5.654254468200233419e-08 -8.157837601971046172e-08 -7.327464326862845377e-08 -3.001113366376170156e-08
3.158257110884549268e-09 2.249685698767265749e-09 5.307609895138488320e-09 5.869358426360444101e-09 6.469350067292771673e-08 1.131147547127110341e-09 4.392699260142637320e-09 1.034278889980533057e-08 -2.198811315868377872e-09 -2.537090847740017906e-09 1.565915601491438232e-08 8.854484096888647679e-09 3.336095072625625377e-08 -2.851481958409072904e-08 4.983330612578776943e-09 5.459854177026166511e-09 -4.417860608178331561e-08 -8.843532457978546113e-09 9.126323506463060588e-08 6.793469532858464517e-08
4.038342485042338972e-09 -1.766396939835866312e-09 1.489482574937676101e-08 -2.982643708122333960e-10 1.131147547127110341e-09 6.772595663879069752e-08 -5.326607435232657289e-09 -9.751393099003667906e-09 9.760204322230498803e-09 -1.116267642916541217e-08 -1.254140733706819207e-08 4.558415802711480230e-09 -4.955364078648262095e-09 4.698310671411814052e-09 -7.095809192172835588e-09 -1.311772925784733769e-08 -8.566547867277903306e-08 4.017940080581323414e-08 3.573449241482537848e-08 1.095959335120274124e-07
5.832178868421559218e-09 -9.816637721931623382e-09 -1.127136254872231059e-09 7.715329542931351167e-09 4.392699260142637320e-09 -5.326607435232657289e-09 9.657487929492343950e-08 1.297070651012349118e-08 3.218205048151041671e-08 7.828747919831493918e-09 3.804461554454241443e-08 9.015032650859185531e-09 -4.639210780609243078e-08 1.543608471785983462e-09 1.805683008956108119e-08 2.275189473871829163e-08 1.366584284767770709e-08 2.667886501051038866e-08 -4.491352846787763664e-07 3.517788077859532469e-07
-9.603619920081801987e-09 7.378906581653982971e-09 -6.079036417769568592e-09 7.742303420779215270e-09 1.034278889980533057e-08 -9.751393099003667906e-09 1.297070651012349118e-08 1.292970940455678247e-07 4.897820625943906117e-08 5.058426100385054429e-08 6.260756221340175853e-08 1.199233568779525637e-08 4.077497544391547691e-08 -2.141472751440829613e-08 3.162965631443240972e-08 1.516839138981241339e-08 -1.560432049559919720e-08 -9.953766274897574050e-09 -1.736505918836449369e-07 1.350600749059238891e-07
1.286000843234832892e-08 -1.412864818375164558e-08 1.007933490698338928e-08 3.657269551817331096e-09 -2.198811315868377872e-09 9.760204322230498803e-09 3.218205048151041671e-08 4.897820625943906117e-08 3.389609492640135131e-07 2.231651717322436098e-07 2.333005516171485411e-07 5.219737749461528288e-09 2.169533064085164421e-07 1.019472100774665103e-07 -2.399666329783428560e-08 1.303251223051710583e-07 3.500918883881703180e-07 -2.238666017470710131e-08 -8.837899952406352144e-07 8.929791575531640303e-07
2.194080491532064234e-08 3.857191248280089985e-08 1.450133232779786803e-08 -1.244778660940800015e-09 -2.537090847740017906e-09 -1.116267642916541217e-08 7.828747919831493918e-09 5.058426100385054429e-08 2.231651717322436098e-07 2.601259236328052812e-06 1.512415336925634490e-06 -4.532300118301540980e-07 1.116329527007022826e-06 6.668019568967629300e-08 8.661388737264812465e-07 5.872397912479648644e-07 2.359413742516806033e-06 -8.897728392301622058e-08 -3.753237234848025440e-07 1.202824865817303771e-07
1.602387770035293561e-08 2.473782978414849464e-08 1.439282868609848888e-08 4.031343830777850620e-08 1.565915601491438232e-08 -1.254140733706819207e-08 3.804461554454241443e-08 6.260756221340175853e-08 2.333005516171485411e-07 1.512415336925634490e-06 1.879280437118671673e-06 -3.765780279065485436e-07 1.645960130592352796e-06 -5.541402375421551611e-07 6.853950508401103323e-07 9.673569290407496749e-07 2.436482017968938539e-06 -6.142797934126622318e-07 -5.260505004190531819e-07 1.213883475657148510e-06
6.576292494660815720e-09 -8.517131291190910220e-09 -1.706054691863560292e-09 6.299750229711435847e-09 8.854484096888647679e-09 4.558415802711480230e-09 9.015032650859185531e-09 1.199233568779525637e-08 5.219737749461528288e-09 -4.532300118301540980e-07 -3.765780279065485436e-07 2.929518622551852627e-07 -4.272642549369565608e-07 -2.096508729815038626e-07 -1.414294278827053221e-08 -1.482471269827102590e-07 -1.050015865532897607e-06 -2.956439813621991836e-07 3.603913853218993003e-09 -4.255262120251676215e-07
2.397835034049541738e-09 5.860556928805905114e-08 2.249687176635299099e-08 1.994500710291544592e-08 3.336095072625625377e-08 -4.955364078648262095e-09 -4.639210780609243078e-08 4.077497544391547691e-08 2.169533064085164421e-07 1.116329527007022826e-06 1.645960130592352796e-06 -4.272642549369565608e-07 2.739834831674072040e-06 -3.796474520485608322e-07 2.606603174243741917e-07 7.798037816097835572e-07 2.646443499638740464e-06 -1.132947313608682942e-06 2.364850365784975771e-06 -1.221440058292630728e-06
-1.958951862000291214e-08 -9.181788774330590042e-09 1.471477312882628668e-09 -4.612356907227498034e-08 -2.851481958409072904e-08 4.698310671411814052e-09 1.543608471785983462e-09 -2.141472751440829613e-08 1.019472100774665103e-07 6.668019568967629300e-08 -5.541402375421551611e-07 -2.096508729815038626e-07 -3.796474520485608322e-07 1.978182579700423807e-06 -5.217187687997771050e-07 -6.466997549655829853e-07 -3.241540997807087791e-07 2.095991577917032352e-06 -2.159414810600868831e-06 1.828609423018164342e-06
2.013339304102482176e-08 2.939606204479819340e-08 8.962703367627709692e-09 2.825258760193250815e-08 4.983330612578776943e-09 -7.095809192172835588e-09 1.805683008956108119e-08 3.162965631443240972e-08 -2.399666329783428560e-08 8.661388737264812465e-07 6.853950508401103323e-07 -1.414294278827053221e-08 2.606603174243741917e-07 -5.217187687997771050e-07 8.792534298932203168e-07 6.134929221550906024e-08 3.244798656154304667e-07 -6.964852346500870216e-07 4.716093483760023091e-07 -1.320175473328318596e-06
-5.301796165538639140e-10 2.743365541101182323e-09 -5.325913571963901564e-09 2.530419001601140804e-08 5.459854177026166511e-09 -1.311772925784733769e-08 2.275189473871829163e-08 1.516839138981241339e-08 1.303251223051710583e-07 5.872397912479648644e-07 9.673569290407496749e-07 -1.482471269827102590e-07 7.798037816097835572e-07 -6.466997549655829853e-07 6.134929221550906024e-08 1.075311205594852169e-06 1.720410210573267934e-06 -6.340165137209822280e-07 -5.698739058119425271e-07 6.208570648056849869e-07
-2.830109403669925088e-08 8.899281107443374569e-08 -2.220416048147488458e-08 5.654254468200233419e-08 -4.417860608178331561e-08 -8.566547867277903306e-08 1.366584284767770709e-08 -1.560432049559919720e-08 3.500918883881703180e-07 2.359413742516806033e-06 2.436482017968938539e-06 -1.050015865532897607e-06 2.646443499638740464e-06 -3.241540997807087791e-07 3.244798656154304667e-07 1.720410210573267934e-06 8.936119642026012992e-06 -2.985558895107842458e-06 5.432394603966935202e-07 -4.508562384260218943e-06
2.141152931984974374e-09 -8.501792294122391987e-08 2.591718597412527044e-08 -8.157837601971046172e-08 -8.843532457978546113e-09 4.017940080581323414e-08 2.667886501051038866e-08 -9.953766274897574050e-09 -2.238666017470710131e-08 -8.897728392301622058e-08 -6.142797934126622318e-07 -2.956439813621991836e-07 -1.132947313608682942e-06 2.095991577917032352e-06 -6.964852346500870216e-07 -6.340165137209822280e-07 -2.985558895107842458e-06 5.530976420488803738e-06 -4.038534661616052793e-06 8.685910794668245583e-06
-7.716603381195325461e-08 1.418475881434921740e-07 1.956674725889144260e-08 -7.327464326862845377e-08 9.126323506463060588e-08 3.573449241482537848e-08 -4.491352846787763664e-07 -1.736505918836449369e-07 -8.837899952406352144e-07 -3.753237234848025440e-07 -5.260505004190531819e-07 3.603913853218993003e-09 2.364850365784975771e-06 -2.159414810600868831e-06 4.716093483760023091e-07 -5.698739058119425271e-07 5.432394603966935202e-07 -4.038534661616052793e-06 2.041275499004123275e-05 -1.611116130755796383e-05
1.263153715289926680e-07 -3.886693591265582662e-07 -1.280195384194100306e-08 -3.001113366376170156e-08 6.793469532858464517e-08 1.095959335120274124e-07 3.517788077859532469e-07 1.350600749059238891e-07 8.929791575531640303e-07 1.202824865817303771e-07 1.213883475657148510e-06 -4.255262120251676215e-07 -1.221440058292630728e-06 1.828609423018164342e-06 -1.320175473328318596e-06 6.208570648056849869e-07 -4.508562384260218943e-06 8.685910794668245583e-06 -1.611116130755796383e-05 5.728303147553609920e-05
