3.324276630100676341e-07 8.483967576649417238e-09 1.422715571637775984e-09 2.800329668735615024e-08 3.097170448834115092e-09 1.813104378715543300e-08 1.967327442319960872e-08 1.664218743635473143e-08 2.858168746872644220e-09 -1.042414616502876894e-08 -1.198993727646904094e-08 5.973776444458819780e-08 -1.001311369812903846e-07 1.478462712555451579e-08 -4.464830295599527303e-08 -1.668819403212423663e-08 1.653466548646403473e-07 1.569296278293172928e-07 4.170978014297373614e-07 0.000000000000000000e+00
8.483967576649417238e-09 1.742826125459153236e-07 3.341647948234444300e-09 8.503892741263502970e-09 1.359309666703466171e-09 1.501250634359520087e-08 -7.911436925532151946e-10 5.801820670733345260e-09 3.545350556623432420e-08 -1.158181372726094072e-08 -1.944072595306958421e-08 -3.955140165337686997e-08 4.623238160772168060e-08 1.162526674939410149e-08 7.580097102266889689e-08 -7.676566741847354092e-08 6.992448945524436744e-08 -6.489417767934532394e-08 -8.863080034791781408e-08 0.000000000000000000e+00
1.422715571637775984e-09 3.341647948234444300e-09 1.180894576925629728e-07 -1.566393516342202752e-09 2.359171988347102435e-08 -1.727689385647126210e-08 9.759821102515909796e-09 1.555863967538414459e-09 6.708092522684654176e-09 1.666162322067327794e-08 -3.781361928434164610e-08 4.238144734806336864e-08 -2.012277141770636434e-08 1.436174667164528173e-07 1.745919702581067444e-07 -2.732944666196233894e-08 3.974510374245156070e-07 1.767395850330407003e-07 4.872094054440860256e-07 0.000000000000000000e+00
2.800329668735615024e-08 8.503892741263502970e-09 -1.566393516342202752e-09 1.741810997815565641e-07 -1.989503173301457719e-08 1.419644231909711275e-08 3.970989956524691711e-08 -3.858049698489765730e-09 -1.473187478099436799e-08 7.940224976341543480e-09 3.090248164968375219e-08 -2.223265264863438494e-08 -9.287380496039974551e-10 -2.172919326910358581e-08 -3.899825258543999398e-08 1.915123246401344481e-08 -1.069358018348944406e-07 -8.664296279474454279e-08 -2.917604730319636173e-07 0.000000000000000000e+00
3.097170448834115092e-09 1.359309666703466171e-09 2.359171988347102435e-08 -1.989503173301457719e-08 2.575544674630605554e-07 -1.211361348201254005e-07 1.477802115837868713e-08 -5.101962536626344463e-08 -1.635854478866647906e-08 8.578341064713984168e-08 3.831492817905089288e-08 8.889940506015460659e-08 -6.083687440024758880e-08 -1.726161723383486646e-08 -3.588264047568506294e-08 -4.912238683113546103e-08 2.268245472841066750e-07 2.686838101523789488e-07 1.910046803958537136e-07 0.000000000000000000e+00
1.813104378715543300e-08 1.501250634359520087e-08 -1.727689385647126210e-08 1.419644231909711275e-08 -1.211361348201254005e-07 5.510916292275770270e-07 -2.016978385585535285e-08 2.619017089238367642e-08 1.600340851263310659e-08 -3.798869924795079352e-08 -3.780361707668401616e-08 -1.027911367139785113e-07 6.223987551172054559e-08 -1.379416733148947257e-07 -1.611102822090409901e-07 -7.356963336617956454e-08 -1.830241763196325560e-07 -1.167636520285712360e-07 -6.722332121696347422e-07 0.000000000000000000e+00
1.967327442319960872e-08 -7.911436925532151946e-10 9.759821102515909796e-09 3.970989956524691711e-08 1.477802115837868713e-08 -2.016978385585535285e-08 8.207567864854250397e-07 -3.526201236112656011e-08 -2.064512785053676325e-08 5.743468257511534250e-08 3.275179328547406292e-08 1.316615211661104013e-07 2.558472895470825506e-08 1.006357762173076228e-07 2.615701396621450376e-07 3.340166912504305417e-08 3.538948934436207105e-07 1.846319897122642035e-07 7.507736973474256604e-07 0.000000000000000000e+00
1.664218743635473143e-08 5.801820670733345260e-09 1.555863967538414459e-09 -3.858049698489765730e-09 -5.101962536626344463e-08 2.619017089238367642e-08 -3.526201236112656011e-08 2.695067462901738315e-07 -1.240872982863413940e-08 -8.764757669070593840e-08 -1.052391375558085949e-07 -4.847376033463502750e-08 5.654566542004337185e-08 -1.889754817320104532e-08 -2.041428082438971834e-08 -2.133648641976070573e-08 -3.711147051914097841e-09 -5.757417389770306247e-08 2.214763434042351360e-07 0.000000000000000000e+00
2.858168746872644220e-09 3.545350556623432420e-08 6.708092522684654176e-09 -1.473187478099436799e-08 -1.635854478866647906e-08 1.600340851263310659e-08 -2.064512785053676325e-08 -1.240872982863413940e-08 2.897875667506459063e-07 9.560287340894035850e-09 -2.377002425477552118e-08 1.252177550136253766e-08 6.967996571439231722e-08 6.946263512110550590e-08 2.206534104575676106e-07 -6.451798817883110673e-08 2.115162128105948349e-07 -1.154546919314343422e-07 -1.149381092315520120e-07 0.000000000000000000e+00
-1.042414616502876894e-08 -1.158181372726094072e-08 1.666162322067327794e-08 7.940224976341543480e-09 8.578341064713984168e-08 -3.798869924795079352e-08 5.743468257511534250e-08 -8.764757669070593840e-08 9.560287340894035850e-09 2.380927936488669722e-07 2.365913047957474267e-07 1.092219059774899274e-07 -9.213200936465093986e-08 1.143245765879790874e-07 3.556869287764519193e-07 -8.308292242882457617e-08 1.143957239234204449e-07 8.070815812706283129e-08 -2.144338100322763744e-07 0.000000000000000000e+00
-1.198993727646904094e-08 -1.944072595306958421e-08 -3.781361928434164610e-08 3.090248164968375219e-08 3.831492817905089288e-08 -3.780361707668401616e-08 3.275179328547406292e-08 -1.052391375558085949e-07 -2.377002425477552118e-08 2.365913047957474267e-07 7.701903491863236228e-07 3.705166224993522205e-07 -1.250156199513660256e-07 -6.448916056044049107e-07 4.129066015104406504e-07 -3.993308332246204525e-07 -4.294629749091608260e-07 -1.976030058143819887e-07 -1.057897030661646542e-06 0.000000000000000000e+00
5.973776444458819780e-08 -3.955140165337686997e-08 4.238144734806336864e-08 -2.223265264863438494e-08 8.889940506015460659e-08 -1.027911367139785113e-07 1.316615211661104013e-07 -4.847376033463502750e-08 1.252177550136253766e-08 1.092219059774899274e-07 3.705166224993522205e-07 1.211371635583584606e-06 -1.435358679808317858e-09 -3.161177927580012996e-07 1.198318618853493918e-06 1.692876009417178686e-07 1.640006691478510716e-06 6.270100444421654939e-07 2.490881101353755368e-06 0.000000000000000000e+00
-1.001311369812903846e-07 4.623238160772168060e-08 -2.012277141770636434e-08 -9.287380496039974551e-10 -6.083687440024758880e-08 6.223987551172054559e-08 2.558472895470825506e-08 5.654566542004337185e-08 6.967996571439231722e-08 -9.213200936465093986e-08 -1.250156199513660256e-07 -1.435358679808317858e-09 7.360322901236866651e-07 -6.600734039830646288e-08 6.018806103822175587e-07 -6.699092202668044174e-08 5.805767569919322924e-07 -3.689694411996143635e-07 2.244701762917301122e-07 0.000000000000000000e+00
1.478462712555451579e-08 1.162526674939410149e-08 1.436174667164528173e-07 -2.172919326910358581e-08 -1.726161723383486646e-08 -1.379416733148947257e-07 1.006357762173076228e-07 -1.889754817320104532e-08 6.946263512110550590e-08 1.143245765879790874e-07 -6.448916056044049107e-07 -3.161177927580012996e-07 -6.600734039830646288e-08 2.478597511736267981e-06 1.436435631074104051e-06 5.502848876119318266e-07 2.202885235222667625e-06 6.968188998222557431e-07 3.311248077275080269e-06 0.000000000000000000e+00
-4.464830295599527303e-08 7.580097102266889689e-08 1.745919702581067444e-07 -3.899825258543999398e-08 -3.588264047568506294e-08 -1.611102822090409901e-07 2.615701396621450376e-07 -2.041428082438971834e-08 2.206534104575676106e-07 3.556869287764519193e-07 4.129066015104406504e-07 1.198318618853493918e-06 6.018806103822175587e-07 1.436435631074104051e-06 5.419325125932796218e-06 -9.895879657667177983e-07 4.867271383677166447e-06 5.772508647154884343e-07 5.901127393232329995e-06 0.000000000000000000e+00
-1.668819403212423663e-08 -7.676566741847354092e-08 -2.732944666196233894e-08 1.915123246401344481e-08 -4.912238683113546103e-08 -7.356963336617956454e-08 3.340166912504305417e-08 -2.133648641976070573e-08 -6.451798817883110673e-08 -8.308292242882457617e-08 -3.993308332246204525e-07 1.692876009417178686e-07 -6.699092202668044174e-08 5.502848876119318266e-07 -9.895879657667177983e-07 1.677169707103035336e-06 -2.909605833661692230e-07 3.137533589408006778e-07 6.082985152494933170e-07 0.000000000000000000e+00
1.653466548646403473e-07 6.992448945524436744e-08 3.974510374245156070e-07 -1.069358018348944406e-07 2.268245472841066750e-07 -1.830241763196325560e-07 3.538948934436207105e-07 -3.711147051914097841e-09 2.115162128105948349e-07 1.143957239234204449e-07 -4.294629749091608260e-07 1.640006691478510716e-06 5.805767569919322924e-07 2.202885235222667625e-06 4.867271383677166447e-06 -2.909605833661692230e-07 8.713919560945749903e-06 2.356959057028429467e-06 9.245960540590916101e-06 0.000000000000000000e+00
1.569296278293172928e-07 -6.489417767934532394e-08 1.767395850330407003e-07 -8.664296279474454279e-08 2.686838101523789488e-07 -1.167636520285712360e-07 1.846319897122642035e-07 -5.757417389770306247e-08 -1.154546919314343422e-07 8.070815812706283129e-08 -1.976030058143819887e-07 6.270100444421654939e-07 -3.689694411996143635e-07 6.968188998222557431e-07 5.772508647154884343e-07 3.137533589408006778e-07 2.356959057028429467e-06 1.956483708586857471e-06 3.985668159270103587e-06 0.000000000000000000e+00
4.170978014297373614e-07 -8.863080034791781408e-08 4.872094054440860256e-07 -2.917604730319636173e-07 1.910046803958537136e-07 -6.722332121696347422e-07 7.507736973474256604e-07 2.214763434042351360e-07 -1.149381092315520120e-07 -2.144338100322763744e-07 -1.057897030661646542e-06 2.490881101353755368e-06 2.244701762917301122e-07 3.311248077275080269e-06 5.901127393232329995e-06 6.082985152494933170e-07 9.245960540590916101e-06 3.985668159270103587e-06 2.428950856432777322e-05 0.000000000000000000e+00
0.000000000000000000e+00 0.000000000000000000e+00 0.000000000000000000e+00 0.000000000000000000e+00 0.000000000000000000e+00 0.000000000000000000e+00 0.000000000000000000e+00 0.000000000000000000e+00 0.000000000000000000e+00 0.000000000000000000e+00 0.000000000000000000e+00 0.000000000000000000e+00 0.000000000000000000e+00 0.000000000000000000e+00 0.000000000000000000e+00 0.000000000000000000e+00 0.000000000000000000e+00 0.000000000000000000e+00 0.000000000000000000e+00 inf
