2.623228916897335273e-06 1.291304245336401685e-08 4.687474092616922153e-08 -1.398262266779231073e-08 3.542190241393306975e-08 -3.550247937201304856e-09 1.319079543603912058e-06 -7.209692543439624083e-09 1.385433622717012644e-07 4.342610356336598632e-07 3.818499032431423033e-07 7.169188646741215458e-07 -2.115267451928694420e-07 -3.171284277849599837e-07 -3.711972431508610081e-07 -2.982922979765305476e-07 1.075500310497276369e-07 -1.409892317240239741e-08 3.991135346226837642e-07 0.000000000000000000e+00
1.291304245336401685e-08 1.301614793030513028e-07 3.883273089660486493e-09 -1.164980975491432948e-08 -3.316007587843887792e-09 5.550137680343251862e-10 1.322145319070737883e-08 1.555739623129201643e-08 1.224050162546262120e-10 8.224784516774494896e-09 6.968708031784701038e-09 3.671895066967726136e-08 1.729788874111113532e-11 -5.778360054829806169e-09 -5.157799136328761437e-08 -1.665874894669201774e-08 -3.451310211013228805e-08 2.599342822946030956e-08 -1.340045978245605528e-08 0.000000000000000000e+00
4.687474092616922153e-08 3.883273089660486493e-09 1.156104441586497841e-07 -1.907643450004422216e-09 -7.631821298506516531e-09 8.551815252288017226e-09 7.348890019041752133e-09 1.021247161327084660e-09 1.557995436255615408e-08 4.281819091922888831e-08 7.728298515415082769e-08 3.888318162604512309e-09 -6.162872203843448515e-09 2.492480832195608326e-08 -4.032051871631717451e-08 -3.954831356647465288e-08 1.960784845142199109e-07 -1.938587709368788720e-07 3.746065967297504667e-07 0.000000000000000000e+00
-1.398262266779231073e-08 -1.164980975491432948e-08 -1.907643450004422216e-09 9.812278793791269324e-08 3.807067730327509949e-09 1.444163266474937718e-08 -3.391716384803258601e-08 1.389646557176173837e-08 -4.792823491926415588e-09 -1.610392464032678757e-08 -7.754027467923600114e-09 -1.739096128166012130e-08 2.529801615796288755e-08 6.432026573742956196e-08 -3.492514318273101922e-08 -2.463595634765694295e-08 -1.439730749330460116e-07 2.171011387387016548e-10 -2.943156145557544393e-07 0.000000000000000000e+00
3.542190241393306975e-08 -3.316007587843887792e-09 -7.631821298506516531e-09 3.807067730327509949e-09 9.941475899391447171e-08 -1.215982847255513588e-08 2.160386936144544333e-08 -9.265791387788810462e-09 -1.507549102852021675e-08 4.124989166944826672e-09 7.881491397738174576e-09 7.015265079191378089e-08 -6.313839805080776301e-09 -1.025566563037483005e-08 -5.998069395612772133e-09 -4.713428229233681953e-08 -5.300008239284147765e-08 1.470240655904610074e-07 -1.052817849674073140e-07 0.000000000000000000e+00
-3.550247937201304856e-09 5.550137680343251862e-10 8.551815252288017226e-09 1.444163266474937718e-08 -1.215982847255513588e-08 1.691735362534186666e-07 -4.528068272244304127e-08 -1.136206900810434995e-08 9.242252119204497036e-09 -1.916683032076208714e-08 -2.365196886387685124e-08 -9.270013612649359078e-09 -9.420976743155198375e-09 1.191996859446865163e-08 3.807430971104345853e-08 4.032924834594222143e-08 1.695044102604158181e-07 2.424079785926841423e-08 8.954263338433638428e-08 0.000000000000000000e+00
1.319079543603912058e-06 1.322145319070737883e-08 7.348890019041752133e-09 -3.391716384803258601e-08 2.160386936144544333e-08 -4.528068272244304127e-08 1.007018679309899656e-06 4.750443715371961544e-08 8.951979035168215324e-08 1.925796540765394160e-07 1.688148951702141389e-07 3.458160086754759863e-07 -9.538462761855311575e-08 -1.177055000703782683e-07 -1.459305141604926220e-07 -1.215422016527710547e-07 1.285812048769724424e-07 -1.325632550534722031e-07 -5.461088439491980872e-07 0.000000000000000000e+00
-7.209692543439624083e-09 1.555739623129201643e-08 1.021247161327084660e-09 1.389646557176173837e-08 -9.265791387788810462e-09 -1.136206900810434995e-08 4.750443715371961544e-08 2.940284070195402410e-07 -3.551384955915361003e-09 -2.652978398740828015e-08 -5.212609646763537304e-08 -4.542390225893810979e-08 1.085564483320278064e-08 -7.543652783891120548e-08 2.065427010903722870e-08 5.690760236774856681e-08 -3.118491695233619444e-07 -1.089544663838416923e-08 -4.304671382438675719e-07 0.000000000000000000e+00
1.385433622717012644e-07 1.224050162546262120e-10 1.557995436255615408e-08 -4.792823491926415588e-09 -1.507549102852021675e-08 9.242252119204497036e-09 8.951979035168215324e-08 -3.551384955915361003e-09 6.343243688263465971e-07 1.705304507155825628e-07 1.931006468101621484e-07 -4.644347680050515009e-08 -5.445658813614726197e-08 -4.433034703652221641e-08 7.002772974001028781e-08 -2.952529780748488967e-08 3.233200301034658841e-07 -7.993937088070144166e-07 2.422871174137293837e-07 0.000000000000000000e+00
4.342610356336598632e-07 8.224784516774494896e-09 4.281819091922888831e-08 -1.610392464032678757e-08 4.124989166944826672e-09 -1.916683032076208714e-08 1.925796540765394160e-07 -2.652978398740828015e-08 1.705304507155825628e-07 9.984626316919017450e-07 1.076271396348052161e-06 4.518187204125592496e-07 -3.645980635313145819e-07 -6.202551200706919433e-07 -3.112481752243351756e-07 -5.723122638418355772e-07 -6.567635380164585737e-07 -1.992828987286160780e-06 2.881937501783684489e-06 0.000000000000000000e+00
3.818499032431423033e-07 6.968708031784701038e-09 7.728298515415082769e-08 -7.754027467923600114e-09 7.881491397738174576e-09 -2.365196886387685124e-08 1.688148951702141389e-07 -5.212609646763537304e-08 1.931006468101621484e-07 1.076271396348052161e-06 1.946460101856091034e-06 2.448240974116563483e-07 -2.821516814956449076e-07 -1.021279522706304918e-07 -2.840506239327719937e-07 -9.631268539543039941e-07 -5.021446220940888494e-07 -4.115656665372703041e-06 4.722727355740670099e-06 0.000000000000000000e+00
7.169188646741215458e-07 3.671895066967726136e-08 3.888318162604512309e-09 -1.739096128166012130e-08 7.015265079191378089e-08 -9.270013612649359078e-09 3.458160086754759863e-07 -4.542390225893810979e-08 -4.644347680050515009e-08 4.518187204125592496e-07 2.448240974116563483e-07 2.828543493424138421e-06 -2.491413178172749650e-07 -1.648516713808017480e-06 -1.957742923252876043e-06 -1.095381811796053750e-06 -4.521002058186008381e-07 3.596500469406101587e-06 1.681846406839513546e-06 0.000000000000000000e+00
-2.115267451928694420e-07 1.729788874111113532e-11 -6.162872203843448515e-09 2.529801615796288755e-08 -6.313839805080776301e-09 -9.420976743155198375e-09 -9.538462761855311575e-08 1.085564483320278064e-08 -5.445658813614726197e-08 -3.645980635313145819e-07 -2.821516814956449076e-07 -2.491413178172749650e-07 2.936971744102339468e-07 6.974360306324084853e-07 -1.233389222527660119e-07 3.136729219840135376e-08 4.734443809919075463e-07 3.552196384052520453e-07 -1.283159716048900309e-06 0.000000000000000000e+00
-3.171284277849599837e-07 -5.778360054829806169e-09 2.492480832195608326e-08 6.432026573742956196e-08 -1.025566563037483005e-08 1.191996859446865163e-08 -1.177055000703782683e-07 -7.543652783891120548e-08 -4.433034703652221641e-08 -6.202551200706919433e-07 -1.021279522706304918e-07 -1.648516713808017480e-06 6.974360306324084853e-07 4.583215054745461190e-06 3.522614549363206351e-07 -3.781352358946021022e-07 2.726134616533992264e-06 -1.735537239393083538e-08 -2.853810067391777184e-06 0.000000000000000000e+00
-3.711972431508610081e-07 -5.157799136328761437e-08 -4.032051871631717451e-08 -3.492514318273101922e-08 -5.998069395612772133e-09 3.807430971104345853e-08 -1.459305141604926220e-07 2.065427010903722870e-08 7.002772974001028781e-08 -3.112481752243351756e-07 -2.840506239327719937e-07 -1.957742923252876043e-06 -1.233389222527660119e-07 3.522614549363206351e-07 3.072573858959111350e-06 1.306096977122630910e-06 -5.650908151006198162e-07 -7.751118237736744999e-07 -1.001422719454532907e-06 0.000000000000000000e+00
-2.982922979765305476e-07 -1.665874894669201774e-08 -3.954831356647465288e-08 -2.463595634765694295e-08 -4.713428229233681953e-08 4.032924834594222143e-08 -1.215422016527710547e-07 5.690760236774856681e-08 -2.952529780748488967e-08 -5.723122638418355772e-07 -9.631268539543039941e-07 -1.095381811796053750e-06 3.136729219840135376e-08 -3.781352358946021022e-07 1.306096977122630910e-06 1.440029649706103455e-06 -1.805099437846383015e-07 -8.161467552824708704e-08 -2.399618577447958684e-06 0.000000000000000000e+00
1.075500310497276369e-07 -3.451310211013228805e-08 1.960784845142199109e-07 -1.439730749330460116e-07 -5.300008239284147765e-08 1.695044102604158181e-07 1.285812048769724424e-07 -3.118491695233619444e-07 3.233200301034658841e-07 -6.567635380164585737e-07 -5.021446220940888494e-07 -4.521002058186008381e-07 4.734443809919075463e-07 2.726134616533992264e-06 -5.650908151006198162e-07 -1.805099437846383015e-07 1.884585616804185834e-05 6.608973919437692524e-07 1.617197085582478496e-05 0.000000000000000000e+00
-1.409892317240239741e-08 2.599342822946030956e-08 -1.938587709368788720e-07 2.171011387387016548e-10 1.470240655904610074e-07 2.424079785926841423e-08 -1.325632550534722031e-07 -1.089544663838416923e-08 -7.993937088070144166e-07 -1.992828987286160780e-06 -4.115656665372703041e-06 3.596500469406101587e-06 3.552196384052520453e-07 -1.735537239393083538e-08 -7.751118237736744999e-07 -8.161467552824708704e-08 6.608973919437692524e-07 2.480685838710160198e-05 2.571563386267947471e-06 0.000000000000000000e+00
3.991135346226837642e-07 -1.340045978245605528e-08 3.746065967297504667e-07 -2.943156145557544393e-07 -1.052817849674073140e-07 8.954263338433638428e-08 -5.461088439491980872e-07 -4.304671382438675719e-07 2.422871174137293837e-07 2.881937501783684489e-06 4.722727355740670099e-06 1.681846406839513546e-06 -1.283159716048900309e-06 -2.853810067391777184e-06 -1.001422719454532907e-06 -2.399618577447958684e-06 1.617197085582478496e-05 2.571563386267947471e-06 6.942408858224051948e-05 0.000000000000000000e+00
0.000000000000000000e+00 0.000000000000000000e+00 0.000000000000000000e+00 0.000000000000000000e+00 0.000000000000000000e+00 0.000000000000000000e+00 0.000000000000000000e+00 0.000000000000000000e+00 0.000000000000000000e+00 0.000000000000000000e+00 0.000000000000000000e+00 0.000000000000000000e+00 0.000000000000000000e+00 0.000000000000000000e+00 0.000000000000000000e+00 0.000000000000000000e+00 0.000000000000000000e+00 0.000000000000000000e+00 0.000000000000000000e+00 inf
