1.156930871006979463e-05 2.195112010544587862e-08 4.342384967906761789e-08 5.477620677345966522e-08 8.197102363168790044e-08 -2.213051261371887889e-09 -2.115220066764511182e-05 -2.322415500867241282e-08 2.739966810625900927e-07 4.077257494953993394e-07 1.340225010598336644e-06 1.308022514294182956e-06 -5.787146830143175757e-07 6.898967941840655210e-07 1.180961606808490788e-07 -9.896165215181437349e-07 -2.883076344982451207e-06 1.261813308449887286e-07 -1.013331075212944788e-06 0.000000000000000000e+00
2.195112010544587862e-08 1.063442238302433290e-07 -8.219569780790090487e-09 1.837001437439922501e-09 -4.826715774099306971e-09 -6.709659345001460850e-09 -8.957792207518668578e-08 1.232607315024814424e-08 -2.280450730644278886e-08 -4.030549672815625903e-09 2.943673389877945235e-08 4.243132364660112745e-08 -1.135273102378815834e-09 -5.083851908501854155e-08 2.087338587515568982e-08 1.918263191370211341e-09 -1.354382584331133646e-07 -2.031120332518826770e-07 -3.694302833958211044e-08 0.000000000000000000e+00
4.342384967906761789e-08 -8.219569780790090487e-09 1.162685258023139002e-07 3.117808667605470615e-09 -3.779368317546019728e-09 2.175588972684174880e-08 -5.899882266710809517e-08 -2.244500650148913080e-08 3.421609141696479887e-08 8.423495233956647985e-08 2.721718438392294476e-08 -4.408624207286439750e-09 3.021016454206387952e-08 2.325512233347541678e-08 4.744196490176031245e-08 -2.729334769665890660e-08 4.953223655497576756e-08 -3.411364059704854499e-08 2.625940132771267236e-08 0.000000000000000000e+00
5.477620677345966522e-08 1.837001437439922501e-09 3.117808667605470615e-09 1.308925849605342299e-07 2.253393306004818838e-09 -1.106119979896403916e-09 -6.720912527506170070e-08 2.167488309024464014e-08 6.353797268422647882e-08 5.987284244489110399e-08 2.619302252311360072e-08 1.376144785331543545e-08 6.381002412500074790e-09 -6.220635154690246341e-08 -5.518231233220237057e-09 1.891039176881409422e-08 -8.097819481271220575e-08 -1.685471571714803321e-07 1.049574673630002094e-07 0.000000000000000000e+00
8.197102363168790044e-08 -4.826715774099306971e-09 -3.779368317546019728e-09 2.253393306004818838e-09 9.510398518659693881e-08 -7.728776741752479959e-09 -1.344557351425199783e-07 -1.743349789262199849e-08 -5.428951911133117232e-08 -5.019040888081285194e-08 1.209573039750708907e-08 2.626754613806702708e-08 3.073655672652010049e-08 5.434243800958657181e-08 1.639531483334122519e-08 -3.798438427891809732e-08 -3.477950098485122023e-08 6.604689863722793830e-08 1.597049905745186285e-07 0.000000000000000000e+00
-2.213051261371887889e-09 -6.709659345001460850e-09 2.175588972684174880e-08 -1.106119979896403916e-09 -7.728776741752479959e-09 1.267015078465383365e-07 -1.265793862659174262e-08 -2.447138583873019947e-08 -3.077328071190466640e-08 5.221309681366247948e-08 6.107339111923056051e-09 1.073612768149544724e-08 4.760341343958355255e-09 2.103393370318661602e-08 3.835603816121231498e-08 -1.047127753169304537e-08 -3.120667746984551215e-08 -5.901459497525191014e-08 2.066106884875062157e-08 0.000000000000000000e+00
-2.115220066764511182e-05 -8.957792207518668578e-08 -5.899882266710809517e-08 -6.720912527506170070e-08 -1.344557351425199783e-07 -1.265793862659174262e-08 3.956284801135252988e-05 -1.164618360640922814e-08 -5.246843283625409412e-07 -8.052325036371532097e-07 -2.484105536155999150e-06 -2.437077206972983397e-06 8.708326559320240933e-07 -1.218110220361555005e-06 -2.566117117122952897e-07 1.802194471484133790e-06 5.321473766139427255e-06 -7.524041883943124840e-08 8.752811744623220278e-07 0.000000000000000000e+00
-2.322415500867241282e-08 1.232607315024814424e-08 -2.244500650148913080e-08 2.167488309024464014e-08 -1.743349789262199849e-08 -2.447138583873019947e-08 -1.164618360640922814e-08 3.736253868334659505e-07 1.581315616184953039e-07 1.433136053914411145e-07 7.250227867112773468e-08 -2.254536574594692353e-09 2.639584952814894657e-08 -1.908172105999185508e-07 -1.719016487074203777e-08 7.967847207507352150e-08 -1.051021744598581836e-09 -3.177416069730836664e-07 -2.922517555995039797e-07 0.000000000000000000e+00
2.739966810625900927e-07 -2.280450730644278886e-08 3.421609141696479887e-08 6.353797268422647882e-08 -5.428951911133117232e-08 -3.077328071190466640e-08 -5.246843283625409412e-07 1.581315616184953039e-07 1.973136312236720100e-06 7.989337183259129815e-07 2.488248504361349797e-07 2.619076341162649013e-08 4.935859721892718028e-07 -2.851174136887945805e-07 -1.523003720595100004e-07 2.989908501428095619e-07 4.577265703583282440e-08 -3.021965635065079337e-07 -2.057869960766423049e-06 0.000000000000000000e+00
4.077257494953993394e-07 -4.030549672815625903e-09 8.423495233956647985e-08 5.987284244489110399e-08 -5.019040888081285194e-08 5.221309681366247948e-08 -8.052325036371532097e-07 1.433136053914411145e-07 7.989337183259129815e-07 6.800750677201821568e-06 9.250200576135640407e-07 -1.517110936486495403e-06 1.549029352722928088e-06 6.758670101722744672e-07 1.197592735042186675e-06 -2.491312206739900585e-08 4.753375701832991617e-06 -1.178657355368314736e-06 -1.138650021235312389e-06 0.000000000000000000e+00
1.340225010598336644e-06 2.943673389877945235e-08 2.721718438392294476e-08 2.619302252311360072e-08 1.209573039750708907e-08 6.107339111923056051e-09 -2.484105536155999150e-06 7.250227867112773468e-08 2.488248504361349797e-07 9.250200576135640407e-07 1.138692266501846588e-06 2.492910072783058875e-07 2.461336609412858334e-07 -1.760780082866998203e-07 6.301113241886970311e-07 -8.046082188559667601e-07 7.362114683861732568e-07 -8.135066853741085410e-07 -7.952806653267930288e-07 0.000000000000000000e+00
1.308022514294182956e-06 4.243132364660112745e-08 -4.408624207286439750e-09 1.376144785331543545e-08 2.626754613806702708e-08 1.073612768149544724e-08 -2.437077206972983397e-06 -2.254536574594692353e-09 2.619076341162649013e-08 -1.517110936486495403e-06 2.492910072783058875e-07 1.415301887270874139e-06 -8.840235914151465712e-07 1.614914282702917777e-07 -4.407676508253341809e-07 -3.352147953627373848e-07 -4.427625452508718004e-06 -2.358226048088935149e-07 -4.410911336222599119e-07 0.000000000000000000e+00
-5.787146830143175757e-07 -1.135273102378815834e-09 3.021016454206387952e-08 6.381002412500074790e-09 3.073655672652010049e-08 4.760341343958355255e-09 8.708326559320240933e-07 2.639584952814894657e-08 4.935859721892718028e-07 1.549029352722928088e-06 2.461336609412858334e-07 -8.840235914151465712e-07 3.612288408243991233e-06 -2.441869601832261986e-07 1.064253424101525737e-06 2.158620454092266394e-07 4.069633453765871182e-06 -1.529807033247165216e-06 6.573490930062793690e-06 0.000000000000000000e+00
6.898967941840655210e-07 -5.083851908501854155e-08 2.325512233347541678e-08 -6.220635154690246341e-08 5.434243800958657181e-08 2.103393370318661602e-08 -1.218110220361555005e-06 -1.908172105999185508e-07 -2.851174136887945805e-07 6.758670101722744672e-07 -1.760780082866998203e-07 1.614914282702917777e-07 -2.441869601832261986e-07 2.757347714317261190e-06 2.593743174857711872e-07 -7.891401798554186248e-07 -8.691084652009331247e-07 2.940341116660554093e-06 -1.404158762699144546e-06 0.000000000000000000e+00
1.180961606808490788e-07 2.087338587515568982e-08 4.744196490176031245e-08 -5.518231233220237057e-09 1.639531483334122519e-08 3.835603816121231498e-08 -2.566117117122952897e-07 -1.719016487074203777e-08 -1.523003720595100004e-07 1.197592735042186675e-06 6.301113241886970311e-07 -4.407676508253341809e-07 1.064253424101525737e-06 2.593743174857711872e-07 1.201326918913105396e-06 -7.376046191279448170e-07 2.829676051736810495e-06 -7.410963644515798708e-07 1.373939497705769989e-06 0.000000000000000000e+00
-9.896165215181437349e-07 1.918263191370211341e-09 -2.729334769665890660e-08 1.891039176881409422e-08 -3.798438427891809732e-08 -1.047127753169304537e-08 1.802194471484133790e-06 7.967847207507352150e-08 2.989908501428095619e-07 -2.491312206739900585e-08 -8.046082188559667601e-07 -3.352147953627373848e-07 2.158620454092266394e-07 -7.891401798554186248e-07 -7.376046191279448170e-07 1.350451766757586453e-06 -4.877100401980988814e-07 -6.029691973276481771e-07 -2.955629828754926176e-08 0.000000000000000000e+00
-2.883076344982451207e-06 -1.354382584331133646e-07 4.953223655497576756e-08 -8.097819481271220575e-08 -3.477950098485122023e-08 -3.120667746984551215e-08 5.321473766139427255e-06 -1.051021744598581836e-09 4.577265703583282440e-08 4.753375701832991617e-06 7.362114683861732568e-07 -4.427625452508718004e-06 4.069633453765871182e-06 -8.691084652009331247e-07 2.829676051736810495e-06 -4.877100401980988814e-07 1.793484292785326475e-05 6.611239791226180391e-07 1.044204395670875771e-06 0.000000000000000000e+00
1.261813308449887286e-07 -2.031120332518826770e-07 -3.411364059704854499e-08 -1.685471571714803321e-07 6.604689863722793830e-08 -5.901459497525191014e-08 -7.524041883943124840e-08 -3.177416069730836664e-07 -3.021965635065079337e-07 -1.178657355368314736e-06 -8.135066853741085410e-07 -2.358226048088935149e-07 -1.529807033247165216e-06 2.940341116660554093e-06 -7.410963644515798708e-07 -6.029691973276481771e-07 6.611239791226180391e-07 8.453737725925173854e-06 -8.343588238083673241e-06 0.000000000000000000e+00
-1.013331075212944788e-06 -3.694302833958211044e-08 2.625940132771267236e-08 1.049574673630002094e-07 1.597049905745186285e-07 2.066106884875062157e-08 8.752811744623220278e-07 -2.922517555995039797e-07 -2.057869960766423049e-06 -1.138650021235312389e-06 -7.952806653267930288e-07 -4.410911336222599119e-07 6.573490930062793690e-06 -1.404158762699144546e-06 1.373939497705769989e-06 -2.955629828754926176e-08 1.044204395670875771e-06 -8.343588238083673241e-06 6.026741952705285169e-05 0.000000000000000000e+00
0.000000000000000000e+00 0.000000000000000000e+00 0.000000000000000000e+00 0.000000000000000000e+00 0.000000000000000000e+00 0.000000000000000000e+00 0.000000000000000000e+00 0.000000000000000000e+00 0.000000000000000000e+00 0.000000000000000000e+00 0.000000000000000000e+00 0.000000000000000000e+00 0.000000000000000000e+00 0.000000000000000000e+00 0.000000000000000000e+00 0.000000000000000000e+00 0.000000000000000000e+00 0.000000000000000000e+00 0.000000000000000000e+00 inf
