1.642482321298872693e-06 2.905132453067498956e-08 2.363985633479853292e-08 1.357520966261331671e-09 -2.881642078784112648e-08 9.608986724300810404e-09 -4.699923442374193540e-06 2.498826567680077489e-07 2.375134235103316497e-07 2.997755298318998128e-08 3.812507308201120469e-08 1.499731663928495223e-07 1.759825365557468326e-08 5.450515796689468483e-08 -2.015303182097940145e-07 -1.331357377282140050e-07 -1.103637918530640247e-07 1.915182300697114554e-08 -2.438861382010189859e-07 0.000000000000000000e+00
2.905132453067498956e-08 4.480816549621826070e-08 2.287309774117048352e-09 9.844320039691593102e-09 4.723380200880184424e-10 1.611517488479727089e-08 -8.853097524202903946e-08 1.279451911142570881e-08 2.251579307608657557e-08 -9.101091577757092799e-09 5.992057084111208315e-10 -7.854440236839006480e-09 6.585513455897359158e-09 3.028725547815641793e-09 -1.605389293200432924e-08 -7.654528473387872512e-09 1.391218667567975416e-08 2.165415815840288100e-08 1.664767513438061262e-08 0.000000000000000000e+00
2.363985633479853292e-08 2.287309774117048352e-09 5.064530079849907529e-08 7.282509965339941102e-09 -1.471794216406977975e-09 -4.550960102770161076e-09 -4.788138740726758717e-08 1.522542915621480249e-08 2.891379342548589494e-08 3.289019169874086759e-08 6.539776836389629098e-09 1.462265927852617812e-08 8.991964086978232148e-09 3.118687384911039067e-08 1.717917448826775877e-08 -9.079329697492526695e-09 1.586073887464803922e-08 -4.703143849291006479e-09 -1.831384179615851726e-08 0.000000000000000000e+00
1.357520966261331671e-09 9.844320039691593102e-09 7.282509965339941102e-09 6.796260254048569848e-08 -1.092757270945946188e-08 1.722329460240324361e-08 2.195387351946071791e-08 -1.789281834219058219e-08 2.829928759743028056e-08 1.923875826231627028e-08 5.073760145334685742e-10 -2.832146947431533894e-08 1.565312437157295677e-08 4.979719055141482082e-09 -1.599652679573420537e-08 -2.395097472682829447e-09 6.100055542661110041e-08 6.525119645010180974e-08 7.257488305677783487e-08 0.000000000000000000e+00
-2.881642078784112648e-08 4.723380200880184424e-10 -1.471794216406977975e-09 -1.092757270945946188e-08 1.219669898175021322e-07 -2.736743549232146204e-08 4.821852546693691839e-08 4.938922170322676467e-08 -1.594987297519255541e-08 -1.965857954454634696e-08 1.102966768671685715e-09 1.773294042301978949e-08 4.532127818746312191e-09 -4.911035932358719223e-08 -1.022252691383582463e-08 -8.454150938416865085e-10 -7.550441551701088072e-08 -1.300492285476023355e-07 1.939249192608199022e-07 0.000000000000000000e+00
9.608986724300810404e-09 1.611517488479727089e-08 -4.550960102770161076e-09 1.722329460240324361e-08 -2.736743549232146204e-08 1.250551191642574087e-07 -1.148708475535444295e-08 -1.735997339020657800e-08 2.766372564764587854e-08 -2.746291998359043414e-08 -2.566734398222908791e-09 -2.155329130530064918e-08 -2.259954421260285516e-08 1.478358347387817208e-08 -2.162745085639438207e-08 -1.335721893732507093e-09 -1.839789639733607519e-08 9.829770454324354452e-08 -1.150744788084538809e-07 0.000000000000000000e+00
-4.699923442374193540e-06 -8.853097524202903946e-08 -4.788138740726758717e-08 2.195387351946071791e-08 4.821852546693691839e-08 -1.148708475535444295e-08 1.448330714091281602e-05 -6.756408404164725047e-07 -7.322861171519280623e-07 -1.635829337520175938e-07 -1.026550761181433079e-07 -4.512227556722140038e-07 -7.299244917850332321e-08 -8.433208278391218110e-08 6.718480782118211160e-07 3.789308347079002949e-07 3.711302821693400238e-07 -8.390238891777123336e-08 2.535409948801375211e-07 0.000000000000000000e+00
2.498826567680077489e-07 1.279451911142570881e-08 1.522542915621480249e-08 -1.789281834219058219e-08 4.938922170322676467e-08 -1.735997339020657800e-08 -6.756408404164725047e-07 6.449225099698115141e-07 5.148042911909814240e-08 -8.198763777627651268e-08 2.496947712122722634e-08 1.743733636313958180e-07 -4.290466596296667444e-09 -1.080865922230850221e-07 -9.773801417553073950e-08 -6.994827659951203382e-08 -4.101950809170891369e-07 -4.375175273944423775e-07 4.600777791752408642e-07 0.000000000000000000e+00
2.375134235103316497e-07 2.251579307608657557e-08 2.891379342548589494e-08 2.829928759743028056e-08 -1.594987297519255541e-08 2.766372564764587854e-08 -7.322861171519280623e-07 5.148042911909814240e-08 6.776355144043345169e-07 2.329680189345188092e-08 3.784593858094980268e-08 -1.503820709017257244e-07 5.845848257424218276e-08 4.778262329816033624e-08 -2.936515568066605169e-07 -1.092922551280419427e-07 3.513328158572103168e-07 5.541082556530274618e-07 2.077942472866394272e-07 0.000000000000000000e+00
2.997755298318998128e-08 -9.101091577757092799e-09 3.289019169874086759e-08 1.923875826231627028e-08 -1.965857954454634696e-08 -2.746291998359043414e-08 -1.635829337520175938e-07 -8.198763777627651268e-08 2.329680189345188092e-08 1.241050393757061116e-06 1.046427523955548504e-07 7.506116841222564377e-08 -1.383752277412447223e-07 -2.926953680622317220e-08 1.963377436691258412e-07 1.682908686532459228e-07 2.725588269774362931e-07 5.797740078743911582e-08 -1.116494746174897532e-07 0.000000000000000000e+00
3.812507308201120469e-08 5.992057084111208315e-10 6.539776836389629098e-09 5.073760145334685742e-10 1.102966768671685715e-09 -2.566734398222908791e-09 -1.026550761181433079e-07 2.496947712122722634e-08 3.784593858094980268e-08 1.046427523955548504e-07 8.526684502047548495e-08 -8.337399257729766110e-08 -3.640228501911964344e-08 4.869929891231146094e-08 5.889240707061376480e-08 -2.127924841814533627e-08 8.786487839306738002e-08 -1.735868483702827251e-09 -1.130182909629373819e-07 0.000000000000000000e+00
1.499731663928495223e-07 -7.854440236839006480e-09 1.462265927852617812e-08 -2.832146947431533894e-08 1.773294042301978949e-08 -2.155329130530064918e-08 -4.512227556722140038e-07 1.743733636313958180e-07 -1.503820709017257244e-07 7.506116841222564377e-08 -8.337399257729766110e-08 5.521191876162935613e-07 -2.085369137916656181e-07 -1.188497777976321136e-07 3.085070791402169140e-08 1.024748002368337326e-07 -1.066418633366445730e-06 -3.145516019954310600e-07 -4.479168531405919408e-08 0.000000000000000000e+00
1.759825365557468326e-08 6.585513455897359158e-09 8.991964086978232148e-09 1.565312437157295677e-08 4.532127818746312191e-09 -2.259954421260285516e-08 -7.299244917850332321e-08 -4.290466596296667444e-09 5.845848257424218276e-08 -1.383752277412447223e-07 -3.640228501911964344e-08 -2.085369137916656181e-07 5.455733610693080973e-07 2.673501527306967213e-07 9.514431942664025895e-09 -1.960808197446583475e-07 8.008431459780281176e-07 -1.339613989646212427e-07 1.108778384892390947e-06 0.000000000000000000e+00
5.450515796689468483e-08 3.028725547815641793e-09 3.118687384911039067e-08 4.979719055141482082e-09 -4.911035932358719223e-08 1.478358347387817208e-08 -8.433208278391218110e-08 -1.080865922230850221e-07 4.778262329816033624e-08 -2.926953680622317220e-08 4.869929891231146094e-08 -1.188497777976321136e-07 2.673501527306967213e-07 5.492998386330580483e-07 2.936613662447243645e-07 -1.482738338307100114e-07 3.834168377144942501e-07 1.578384561869158193e-07 -1.254602869186030408e-07 0.000000000000000000e+00
-2.015303182097940145e-07 -1.605389293200432924e-08 1.717917448826775877e-08 -1.599652679573420537e-08 -1.022252691383582463e-08 -2.162745085639438207e-08 6.718480782118211160e-07 -9.773801417553073950e-08 -2.936515568066605169e-07 1.963377436691258412e-07 5.889240707061376480e-08 3.085070791402169140e-08 9.514431942664025895e-09 2.936613662447243645e-07 6.345346152152149950e-07 1.175774190392614520e-07 -1.981264992773823464e-07 -3.261989605736633689e-07 6.458090137933240210e-08 0.000000000000000000e+00
-1.331357377282140050e-07 -7.654528473387872512e-09 -9.079329697492526695e-09 -2.395097472682829447e-09 -8.454150938416865085e-10 -1.335721893732507093e-09 3.789308347079002949e-07 -6.994827659951203382e-08 -1.092922551280419427e-07 1.682908686532459228e-07 -2.127924841814533627e-08 1.024748002368337326e-07 -1.960808197446583475e-07 -1.482738338307100114e-07 1.175774190392614520e-07 1.832901471947201684e-07 -3.353568965161229264e-07 1.139891052010338695e-08 -8.296822710776524415e-08 0.000000000000000000e+00
-1.103637918530640247e-07 1.391218667567975416e-08 1.586073887464803922e-08 6.100055542661110041e-08 -7.550441551701088072e-08 -1.839789639733607519e-08 3.711302821693400238e-07 -4.101950809170891369e-07 3.513328158572103168e-07 2.725588269774362931e-07 8.786487839306738002e-08 -1.066418633366445730e-06 8.008431459780281176e-07 3.834168377144942501e-07 -1.981264992773823464e-07 -3.353568965161229264e-07 3.860391578645151188e-06 6.764018071928710818e-07 -4.262894184065039168e-07 0.000000000000000000e+00
1.915182300697114554e-08 2.165415815840288100e-08 -4.703143849291006479e-09 6.525119645010180974e-08 -1.300492285476023355e-07 9.829770454324354452e-08 -8.390238891777123336e-08 -4.375175273944423775e-07 5.541082556530274618e-07 5.797740078743911582e-08 -1.735868483702827251e-09 -3.145516019954310600e-07 -1.339613989646212427e-07 1.578384561869158193e-07 -3.261989605736633689e-07 1.139891052010338695e-08 6.764018071928710818e-07 1.656758112881160594e-06 -1.222768920268211590e-06 0.000000000000000000e+00
-2.438861382010189859e-07 1.664767513438061262e-08 -1.831384179615851726e-08 7.257488305677783487e-08 1.939249192608199022e-07 -1.150744788084538809e-07 2.535409948801375211e-07 4.600777791752408642e-07 2.077942472866394272e-07 -1.116494746174897532e-07 -1.130182909629373819e-07 -4.479168531405919408e-08 1.108778384892390947e-06 -1.254602869186030408e-07 6.458090137933240210e-08 -8.296822710776524415e-08 -4.262894184065039168e-07 -1.222768920268211590e-06 8.619979928772520818e-06 0.000000000000000000e+00
0.000000000000000000e+00 0.000000000000000000e+00 0.000000000000000000e+00 0.000000000000000000e+00 0.000000000000000000e+00 0.000000000000000000e+00 0.000000000000000000e+00 0.000000000000000000e+00 0.000000000000000000e+00 0.000000000000000000e+00 0.000000000000000000e+00 0.000000000000000000e+00 0.000000000000000000e+00 0.000000000000000000e+00 0.000000000000000000e+00 0.000000000000000000e+00 0.000000000000000000e+00 0.000000000000000000e+00 0.000000000000000000e+00 inf
