1.706235911802548260e-06 -2.064567872655587110e-09 -1.090513958357417781e-07 -2.096966824923323613e-08 1.727208423271875305e-07 -1.635519121608825390e-08 1.596295036990822870e-05 -1.003834963017757424e-07 -3.715690513238339404e-08 -3.633189490301475431e-08 -2.056909439998406725e-07 -3.645735943039788983e-07 2.838508837069602379e-07 1.373634423354949530e-07 7.883548720499935055e-07 2.168857009427669115e-07 -8.023083880201906893e-07 6.648912094662064163e-08 2.835078570198676184e-07 0.000000000000000000e+00
-2.064567872655587110e-09 2.211184537666905592e-07 -5.600876244839624900e-09 -7.437570543732330656e-09 -1.362571674142295158e-08 6.140321807357404346e-08 -3.590791878193632649e-07 -2.640372686125992909e-08 4.229401384779001165e-08 3.092827385884934977e-09 -3.892080872801773742e-08 -6.142639675919476119e-08 4.314468532284398309e-08 1.632508478968692339e-08 -1.426161830499182871e-09 -5.231026829063193576e-08 2.084189835041345016e-07 -2.280310846055449186e-08 -1.244850504552272584e-07 0.000000000000000000e+00
-1.090513958357417781e-07 -5.600876244839624900e-09 1.860981207634070140e-07 -4.742854150196275581e-09 5.262914769665800180e-08 -4.583374318443562024e-08 -1.017295020053577929e-06 -1.931447470880852479e-08 -1.820783088187553709e-08 2.207147848450441060e-08 4.456926032653896716e-08 1.901813068911891444e-07 -1.531618644273553212e-07 -5.638280910762518223e-08 -2.051890743184444740e-07 2.617969677542207127e-08 -2.059835179764542032e-08 7.888037769163025425e-08 4.582118105422524135e-07 0.000000000000000000e+00
-2.096966824923323613e-08 -7.437570543732330656e-09 -4.742854150196275581e-09 3.337190467918576249e-07 -4.599358065615079686e-08 6.105658676087493543e-08 -3.552941568035578580e-07 -3.258861377891277811e-08 -2.448550419988473979e-08 2.061934300183053517e-08 5.038395956309720648e-08 -7.374634164813681003e-08 -3.425641390424813203e-08 -1.490220280529831863e-08 -1.069175538021773494e-07 4.315977270070697078e-08 -5.493391514679040954e-08 -4.029651476330899869e-08 -6.879682494153033641e-07 0.000000000000000000e+00
1.727208423271875305e-07 -1.362571674142295158e-08 5.262914769665800180e-08 -4.599358065615079686e-08 1.094217449883121763e-06 -4.295396652818101604e-07 1.927243228145543608e-06 -1.724630590447999195e-07 -1.534690334513199562e-07 1.107743751143320376e-07 7.331591479236504237e-08 -1.981759704663725929e-07 -2.170732076037023621e-07 -4.805619079890105905e-08 -2.997363895876890741e-07 3.092926431594313381e-07 -1.334147522923480294e-06 -2.808891795135382971e-07 -7.063585314352727070e-07 0.000000000000000000e+00
-1.635519121608825390e-08 6.140321807357404346e-08 -4.583374318443562024e-08 6.105658676087493543e-08 -4.295396652818101604e-07 1.376090799348766262e-06 -5.009279393131574652e-07 2.223102529752918386e-07 1.564069358162012206e-07 -3.176614800285145260e-08 -2.192422479548272284e-07 -1.572815941469343568e-07 1.253281194188047773e-07 6.325141804980639025e-09 -1.883799559227192774e-07 -3.322807171522416935e-08 2.117991160234992749e-08 2.101096477322577231e-08 -5.633616725364603369e-07 0.000000000000000000e+00
1.596295036990822870e-05 -3.590791878193632649e-07 -1.017295020053577929e-06 -3.552941568035578580e-07 1.927243228145543608e-06 -5.009279393131574652e-07 1.824491876608109911e-04 -1.141249485673251237e-06 -3.969777175413433379e-07 7.814482011890481115e-10 -2.238826396896023738e-06 -4.714794320636477380e-06 3.357111640962806988e-06 1.625635096105496672e-06 8.478051221303246437e-06 1.701805275979699194e-06 -9.165894389174717130e-06 -7.080037827326597773e-07 1.081705381157132542e-06 0.000000000000000000e+00
-1.003834963017757424e-07 -2.640372686125992909e-08 -1.931447470880852479e-08 -3.258861377891277811e-08 -1.724630590447999195e-07 2.223102529752918386e-07 -1.141249485673251237e-06 8.273802037769550360e-07 3.151239455089164403e-09 -1.323121508961144455e-07 -1.307719966663200694e-07 1.349369543162695602e-07 -1.312525133775348014e-08 -3.661197095115670328e-08 -6.918186028889380706e-08 9.980909231982958911e-08 -1.194771206548185037e-07 2.111340614040638850e-07 1.886909617864362064e-07 0.000000000000000000e+00
-3.715690513238339404e-08 4.229401384779001165e-08 -1.820783088187553709e-08 -2.448550419988473979e-08 -1.534690334513199562e-07 1.564069358162012206e-07 -3.969777175413433379e-07 3.151239455089164403e-09 5.382727409288213915e-07 2.339546223649928876e-08 1.810238957411270777e-07 -1.673117112436114006e-08 2.233109476962544916e-07 2.876480559817920414e-08 9.243639526214979008e-09 -4.764802292968031762e-07 8.490408154390865039e-07 -1.889338031382447400e-07 -2.394797915553075018e-07 0.000000000000000000e+00
-3.633189490301475431e-08 3.092827385884934977e-09 2.207147848450441060e-08 2.061934300183053517e-08 1.107743751143320376e-07 -3.176614800285145260e-08 7.814482011890481115e-10 -1.323121508961144455e-07 2.339546223649928876e-08 9.031525626740731209e-07 -3.097451667454404163e-07 -7.053303912748182175e-07 2.184382743197944255e-08 6.510066037797251052e-08 -5.091212086020790493e-07 -1.184506946653033732e-07 -6.286360701907720866e-09 -5.209605115588440441e-07 -2.763286576341605724e-06 0.000000000000000000e+00
-2.056909439998406725e-07 -3.892080872801773742e-08 4.456926032653896716e-08 5.038395956309720648e-08 7.331591479236504237e-08 -2.192422479548272284e-07 -2.238826396896023738e-06 -1.307719966663200694e-07 1.810238957411270777e-07 -3.097451667454404163e-07 2.145745803303121622e-06 9.427957108525866254e-07 2.233059283893310227e-07 -2.138723901319042152e-07 -7.952133199499580987e-08 -2.247994088594266518e-07 7.976674229277195991e-07 -2.632603331272595335e-07 1.512247083940646141e-07 0.000000000000000000e+00
-3.645735943039788983e-07 -6.142639675919476119e-08 1.901813068911891444e-07 -7.374634164813681003e-08 -1.981759704663725929e-07 -1.572815941469343568e-07 -4.714794320636477380e-06 1.349369543162695602e-07 -1.673117112436114006e-08 -7.053303912748182175e-07 9.427957108525866254e-07 3.875499848166438453e-06 -7.846097010564794257e-07 -2.591540090659612335e-07 1.416763292966441689e-06 6.753028767180938554e-07 2.587010996066765296e-06 3.405572580015773987e-06 8.141462285394089897e-06 0.000000000000000000e+00
2.838508837069602379e-07 4.314468532284398309e-08 -1.531618644273553212e-07 -3.425641390424813203e-08 -2.170732076037023621e-07 1.253281194188047773e-07 3.357111640962806988e-06 -1.312525133775348014e-08 2.233109476962544916e-07 2.184382743197944255e-08 2.233059283893310227e-07 -7.846097010564794257e-07 1.458118039548142089e-06 2.750960920217412513e-07 4.673032039604567279e-07 -7.688669386367590153e-07 3.332425741480357941e-07 -8.257335910918889659e-07 4.961582828910621224e-08 0.000000000000000000e+00
1.373634423354949530e-07 1.632508478968692339e-08 -5.638280910762518223e-08 -1.490220280529831863e-08 -4.805619079890105905e-08 6.325141804980639025e-09 1.625635096105496672e-06 -3.661197095115670328e-08 2.876480559817920414e-08 6.510066037797251052e-08 -2.138723901319042152e-07 -2.591540090659612335e-07 2.750960920217412513e-07 1.488158579745908794e-07 6.415426119609552866e-07 -2.010746749100178152e-07 2.738547935640318839e-07 4.212683337798090916e-08 1.127301769139953279e-09 0.000000000000000000e+00
7.883548720499935055e-07 -1.426161830499182871e-09 -2.051890743184444740e-07 -1.069175538021773494e-07 -2.997363895876890741e-07 -1.883799559227192774e-07 8.478051221303246437e-06 -6.918186028889380706e-08 9.243639526214979008e-09 -5.091212086020790493e-07 -7.952133199499580987e-08 1.416763292966441689e-06 4.673032039604567279e-07 6.415426119609552866e-07 6.671068933018322408e-06 -1.010458554961430999e-06 2.900514998531007491e-06 2.942473055947787915e-06 6.443739521772817116e-06 0.000000000000000000e+00
2.168857009427669115e-07 -5.231026829063193576e-08 2.617969677542207127e-08 4.315977270070697078e-08 3.092926431594313381e-07 -3.322807171522416935e-08 1.701805275979699194e-06 9.980909231982958911e-08 -4.764802292968031762e-07 -1.184506946653033732e-07 -2.247994088594266518e-07 6.753028767180938554e-07 -7.688669386367590153e-07 -2.010746749100178152e-07 -1.010458554961430999e-06 3.643937132599878027e-06 -2.854435100521657094e-06 1.410938212172106116e-06 -2.508421238117436091e-07 0.000000000000000000e+00
-8.023083880201906893e-07 2.084189835041345016e-07 -2.059835179764542032e-08 -5.493391514679040954e-08 -1.334147522923480294e-06 2.117991160234992749e-08 -9.165894389174717130e-06 -1.194771206548185037e-07 8.490408154390865039e-07 -6.286360701907720866e-09 7.976674229277195991e-07 2.587010996066765296e-06 3.332425741480357941e-07 2.738547935640318839e-07 2.900514998531007491e-06 -2.854435100521657094e-06 1.104148196729904116e-05 3.306259644557401618e-06 7.830840772858562696e-07 0.000000000000000000e+00
6.648912094662064163e-08 -2.280310846055449186e-08 7.888037769163025425e-08 -4.029651476330899869e-08 -2.808891795135382971e-07 2.101096477322577231e-08 -7.080037827326597773e-07 2.111340614040638850e-07 -1.889338031382447400e-07 -5.209605115588440441e-07 -2.632603331272595335e-07 3.405572580015773987e-06 -8.257335910918889659e-07 4.212683337798090916e-08 2.942473055947787915e-06 1.410938212172106116e-06 3.306259644557401618e-06 5.714085241142256845e-06 4.952006855315741024e-06 0.000000000000000000e+00
2.835078570198676184e-07 -1.244850504552272584e-07 4.582118105422524135e-07 -6.879682494153033641e-07 -7.063585314352727070e-07 -5.633616725364603369e-07 1.081705381157132542e-06 1.886909617864362064e-07 -2.394797915553075018e-07 -2.763286576341605724e-06 1.512247083940646141e-07 8.141462285394089897e-06 4.961582828910621224e-08 1.127301769139953279e-09 6.443739521772817116e-06 -2.508421238117436091e-07 7.830840772858562696e-07 4.952006855315741024e-06 5.087642944137899475e-05 0.000000000000000000e+00
0.000000000000000000e+00 0.000000000000000000e+00 0.000000000000000000e+00 0.000000000000000000e+00 0.000000000000000000e+00 0.000000000000000000e+00 0.000000000000000000e+00 0.000000000000000000e+00 0.000000000000000000e+00 0.000000000000000000e+00 0.000000000000000000e+00 0.000000000000000000e+00 0.000000000000000000e+00 0.000000000000000000e+00 0.000000000000000000e+00 0.000000000000000000e+00 0.000000000000000000e+00 0.000000000000000000e+00 0.000000000000000000e+00 inf
