2.058842400842951998e-07 2.211483202277900150e-08 1.595480977790630215e-08 -3.874848212668320256e-09 -1.299666243571075728e-08 1.927978513667567354e-08 1.074619652319059297e-08 1.414478395864846949e-07 1.981736393253132925e-08 -1.662155427006084963e-08 5.585410409626656182e-09 -1.225790439501601077e-08 -1.125445705047541040e-09 7.769357993743410908e-09 2.475977227870851983e-08 -6.658184214549598209e-09 6.185838144788504518e-08 -2.734980772414953465e-08 -1.741376577155191911e-07 0.000000000000000000e+00
2.211483202277900150e-08 7.777031929175583340e-08 -7.423879217437361426e-09 -1.621520648133240094e-08 4.944276801281922353e-09 2.725663790239718848e-08 6.421886135490713533e-08 8.795794549764875569e-08 3.906074843512132354e-09 -8.925514817634306968e-09 -1.026412418341890200e-09 -5.037424129427422018e-09 8.224953604685170144e-09 -7.773963686392687685e-09 9.334218367397241491e-09 1.121229356187412957e-08 2.825345516538198625e-08 6.030218787760301117e-08 6.931993969022318538e-08 0.000000000000000000e+00
1.595480977790630215e-08 -7.423879217437361426e-09 9.353637723326292335e-08 1.472191994300276459e-08 -5.804635069189952455e-09 -6.689062658106018115e-09 9.145848881683676283e-09 6.397975641673426376e-08 2.667565901270068723e-08 2.761914993615157182e-08 4.859867943300985432e-09 -8.424588385536375242e-09 2.002938322435377213e-08 1.920332903816627455e-08 -1.047477992331444049e-09 4.905807580792780086e-08 -1.600036885678248426e-08 6.458023101878403170e-08 2.560324382296710778e-07 0.000000000000000000e+00
-3.874848212668320256e-09 -1.621520648133240094e-08 1.472191994300276459e-08 1.267458235128909519e-07 -1.643023817669628600e-08 2.933389122278958015e-09 8.633890491798871087e-09 -1.453203886572037796e-08 -1.856381358265237495e-08 2.012793691204380899e-09 -8.744347950355684012e-09 -3.736961373011860966e-09 5.754027313096851761e-09 2.111567473042578989e-08 1.128184643245463851e-08 -3.018829426654821375e-09 1.385933300740986788e-08 1.234487391069889056e-07 -9.003217190746459894e-08 0.000000000000000000e+00
-1.299666243571075728e-08 4.944276801281922353e-09 -5.804635069189952455e-09 -1.643023817669628600e-08 1.455431212013599914e-07 7.433919285067508617e-09 -4.559767717685171327e-08 -2.657724984910917091e-08 4.221875272720222617e-08 5.060208681044400884e-08 -1.210861547465638143e-08 -1.955390987075355987e-09 -5.641725411869176868e-09 -1.158693800701588445e-08 -5.727250043312799851e-09 1.161132050102955876e-08 6.090827526904014699e-08 -9.644461529136559015e-08 -1.147611603775249528e-08 0.000000000000000000e+00
1.927978513667567354e-08 2.725663790239718848e-08 -6.689062658106018115e-09 2.933389122278958015e-09 7.433919285067508617e-09 1.523287522116310900e-07 5.437707400046512191e-08 -2.213809228634402969e-08 -2.247997883377108448e-08 -1.474140875180669138e-08 -1.482206402676362810e-08 -9.070866105951237899e-09 2.596838907790871034e-08 3.957631944371880724e-08 5.229737176315813432e-08 9.510704993015462464e-09 1.407964412658406525e-07 1.373842031165680685e-07 8.215906333266942883e-08 0.000000000000000000e+00
1.074619652319059297e-08 6.421886135490713533e-08 9.145848881683676283e-09 8.633890491798871087e-09 -4.559767717685171327e-08 5.437707400046512191e-08 7.438227587313061270e-06 4.751925957452933306e-06 -2.823431977938786411e-07 -7.479378716271875762e-07 1.679732307209003763e-07 -3.868619422168023857e-07 4.199335156329954715e-07 1.535441869060595989e-06 2.681819592616363765e-07 5.027020592603138971e-07 -2.825356775266300584e-07 -6.617189414487805501e-07 -7.197832827765350282e-07 0.000000000000000000e+00
1.414478395864846949e-07 8.795794549764875569e-08 6.397975641673426376e-08 -1.453203886572037796e-08 -2.657724984910917091e-08 -2.213809228634402969e-08 4.751925957452933306e-06 1.988947718686819092e-05 -1.984662712690941639e-07 -1.220920545842215998e-06 1.094525491853632336e-07 -7.958708412984132798e-07 1.121100094081204913e-06 4.139412036160636153e-06 5.636156239943626997e-07 1.666851583513460677e-06 -9.397555163412334488e-07 -9.014226179619562052e-07 3.458030973477053811e-07 0.000000000000000000e+00
1.981736393253132925e-08 3.906074843512132354e-09 2.667565901270068723e-08 -1.856381358265237495e-08 4.221875272720222617e-08 -2.247997883377108448e-08 -2.823431977938786411e-07 -1.984662712690941639e-07 1.772710362567078909e-06 4.215652414845712213e-07 -2.454091422917470351e-07 1.245949126976634351e-07 6.484984723400395580e-10 -2.787591624305907541e-07 -3.802847173967938276e-07 -2.718828986561764137e-07 1.827916332699942454e-07 2.042872980373696734e-06 1.358570273030123727e-06 0.000000000000000000e+00
-1.662155427006084963e-08 -8.925514817634306968e-09 2.761914993615157182e-08 2.012793691204380899e-09 5.060208681044400884e-08 -1.474140875180669138e-08 -7.479378716271875762e-07 -1.220920545842215998e-06 4.215652414845712213e-07 1.396824219786584853e-06 -1.661686940461884012e-07 2.551887271950909961e-07 -5.667875091180540773e-07 -1.434075281976693967e-06 -4.243692584722626268e-07 4.580137378001375900e-08 -6.072796604842771180e-07 -6.354197206360643022e-07 7.132395889984529382e-07 0.000000000000000000e+00
5.585410409626656182e-09 -1.026412418341890200e-09 4.859867943300985432e-09 -8.744347950355684012e-09 -1.210861547465638143e-08 -1.482206402676362810e-08 1.679732307209003763e-07 1.094525491853632336e-07 -2.454091422917470351e-07 -1.661686940461884012e-07 1.704967133835862676e-07 -7.451770274599121773e-08 -8.901954035746256601e-08 -2.381679820445147377e-07 8.222952416510356573e-08 -6.714159723735058346e-08 -4.209893213336925852e-08 -2.143928551836760601e-07 -8.197872013938482134e-07 0.000000000000000000e+00
-1.225790439501601077e-08 -5.037424129427422018e-09 -8.424588385536375242e-09 -3.736961373011860966e-09 -1.955390987075355987e-09 -9.070866105951237899e-09 -3.868619422168023857e-07 -7.958708412984132798e-07 1.245949126976634351e-07 2.551887271950909961e-07 -7.451770274599121773e-08 1.608451497880895853e-07 -1.772781349262469828e-07 -4.431769693909595367e-07 -1.756622036694659863e-07 -1.836409468436886618e-07 -2.044158112984561070e-07 -5.965014890247325441e-08 5.240412793156351879e-07 0.000000000000000000e+00
-1.125445705047541040e-09 8.224953604685170144e-09 2.002938322435377213e-08 5.754027313096851761e-09 -5.641725411869176868e-09 2.596838907790871034e-08 4.199335156329954715e-07 1.121100094081204913e-06 6.484984723400395580e-10 -5.667875091180540773e-07 -8.901954035746256601e-08 -1.772781349262469828e-07 8.857091033479680533e-07 1.699104859852482451e-06 2.216341755625637983e-07 5.886055036630298828e-07 4.972865810378521158e-07 1.392677280734645208e-06 2.194634660640979552e-06 0.000000000000000000e+00
7.769357993743410908e-09 -7.773963686392687685e-09 1.920332903816627455e-08 2.111567473042578989e-08 -1.158693800701588445e-08 3.957631944371880724e-08 1.535441869060595989e-06 4.139412036160636153e-06 -2.787591624305907541e-07 -1.434075281976693967e-06 -2.381679820445147377e-07 -4.431769693909595367e-07 1.699104859852482451e-06 4.756594367024004825e-06 5.040476289949689872e-07 1.327582650191159413e-06 5.014458400046957697e-07 5.404409393619829237e-07 2.621142129585012223e-06 0.000000000000000000e+00
2.475977227870851983e-08 9.334218367397241491e-09 -1.047477992331444049e-09 1.128184643245463851e-08 -5.727250043312799851e-09 5.229737176315813432e-08 2.681819592616363765e-07 5.636156239943626997e-07 -3.802847173967938276e-07 -4.243692584722626268e-07 8.222952416510356573e-08 -1.756622036694659863e-07 2.216341755625637983e-07 5.040476289949689872e-07 5.507925706551636026e-07 5.562454898630886579e-08 1.115662424639083001e-06 3.426576251113323080e-09 4.787965474171811374e-07 0.000000000000000000e+00
-6.658184214549598209e-09 1.121229356187412957e-08 4.905807580792780086e-08 -3.018829426654821375e-09 1.161132050102955876e-08 9.510704993015462464e-09 5.027020592603138971e-07 1.666851583513460677e-06 -2.718828986561764137e-07 4.580137378001375900e-08 -6.714159723735058346e-08 -1.836409468436886618e-07 5.886055036630298828e-07 1.327582650191159413e-06 5.562454898630886579e-08 1.272938891633043271e-06 -1.012649589590880069e-06 1.289389434909959123e-06 2.191660677950994906e-06 0.000000000000000000e+00
6.185838144788504518e-08 2.825345516538198625e-08 -1.600036885678248426e-08 1.385933300740986788e-08 6.090827526904014699e-08 1.407964412658406525e-07 -2.825356775266300584e-07 -9.397555163412334488e-07 1.827916332699942454e-07 -6.072796604842771180e-07 -4.209893213336925852e-08 -2.044158112984561070e-07 4.972865810378521158e-07 5.014458400046957697e-07 1.115662424639083001e-06 -1.012649589590880069e-06 5.568906029302769290e-06 -1.627839475255965149e-06 1.385474174914939398e-06 0.000000000000000000e+00
-2.734980772414953465e-08 6.030218787760301117e-08 6.458023101878403170e-08 1.234487391069889056e-07 -9.644461529136559015e-08 1.373842031165680685e-07 -6.617189414487805501e-07 -9.014226179619562052e-07 2.042872980373696734e-06 -6.354197206360643022e-07 -2.143928551836760601e-07 -5.965014890247325441e-08 1.392677280734645208e-06 5.404409393619829237e-07 3.426576251113323080e-09 1.289389434909959123e-06 -1.627839475255965149e-06 1.903209722802445635e-05 1.206204784535988874e-05 0.000000000000000000e+00
-1.741376577155191911e-07 6.931993969022318538e-08 2.560324382296710778e-07 -9.003217190746459894e-08 -1.147611603775249528e-08 8.215906333266942883e-08 -7.197832827765350282e-07 3.458030973477053811e-07 1.358570273030123727e-06 7.132395889984529382e-07 -8.197872013938482134e-07 5.240412793156351879e-07 2.194634660640979552e-06 2.621142129585012223e-06 4.787965474171811374e-07 2.191660677950994906e-06 1.385474174914939398e-06 1.206204784535988874e-05 3.385651500579580384e-05 0.000000000000000000e+00
0.000000000000000000e+00 0.000000000000000000e+00 0.000000000000000000e+00 0.000000000000000000e+00 0.000000000000000000e+00 0.000000000000000000e+00 0.000000000000000000e+00 0.000000000000000000e+00 0.000000000000000000e+00 0.000000000000000000e+00 0.000000000000000000e+00 0.000000000000000000e+00 0.000000000000000000e+00 0.000000000000000000e+00 0.000000000000000000e+00 0.000000000000000000e+00 0.000000000000000000e+00 0.000000000000000000e+00 0.000000000000000000e+00 inf
